2023/08/28-15:16:33.376908 4cf0 RocksDB version: 5.18.4
2023/08/28-15:16:33.377041 4cf0 Git sha rocksdb_build_git_sha:@b9a4a10659969c71e6f6eab4e4bae8c36ede919f@
2023/08/28-15:16:33.377113 4cf0 Compile date Mar 11 2020
2023/08/28-15:16:33.377199 4cf0 DB SUMMARY
2023/08/28-15:16:33.378391 4cf0 CURRENT file:  CURRENT
2023/08/28-15:16:33.378451 4cf0 IDENTITY file:  IDENTITY
2023/08/28-15:16:33.378786 4cf0 MANIFEST file:  MANIFEST-000024 size: 596 Bytes
2023/08/28-15:16:33.378830 4cf0 SST files in C:\ALL_Softwares\working_projects\platform-parent\nacos\data\protocol\raft\naming_persistent_service_v2\log dir, Total Num: 10, files: 000006.sst 000008.sst 000011.sst 000013.sst 000015.sst 000017.sst 000019.sst 000021.sst 000023.sst 
2023/08/28-15:16:33.378851 4cf0 Write Ahead Log file in C:\ALL_Softwares\working_projects\platform-parent\nacos\data\protocol\raft\naming_persistent_service_v2\log: 000026.log size: 1321 ; 
2023/08/28-15:16:33.379053 4cf0                         Options.error_if_exists: 0
2023/08/28-15:16:33.379086 4cf0                       Options.create_if_missing: 1
2023/08/28-15:16:33.379093 4cf0                         Options.paranoid_checks: 1
2023/08/28-15:16:33.379100 4cf0                                     Options.env: 0000022BF195A050
2023/08/28-15:16:33.379106 4cf0                                Options.info_log: 0000022BEF2C32F0
2023/08/28-15:16:33.379112 4cf0                Options.max_file_opening_threads: 16
2023/08/28-15:16:33.379118 4cf0                              Options.statistics: 0000022BEC7F60B0
2023/08/28-15:16:33.379124 4cf0                               Options.use_fsync: 0
2023/08/28-15:16:33.379130 4cf0                       Options.max_log_file_size: 0
2023/08/28-15:16:33.379136 4cf0                  Options.max_manifest_file_size: 1073741824
2023/08/28-15:16:33.379142 4cf0                   Options.log_file_time_to_roll: 0
2023/08/28-15:16:33.379148 4cf0                       Options.keep_log_file_num: 1000
2023/08/28-15:16:33.379154 4cf0                    Options.recycle_log_file_num: 0
2023/08/28-15:16:33.379160 4cf0                         Options.allow_fallocate: 1
2023/08/28-15:16:33.379166 4cf0                        Options.allow_mmap_reads: 0
2023/08/28-15:16:33.379172 4cf0                       Options.allow_mmap_writes: 0
2023/08/28-15:16:33.379178 4cf0                        Options.use_direct_reads: 0
2023/08/28-15:16:33.379184 4cf0                        Options.use_direct_io_for_flush_and_compaction: 0
2023/08/28-15:16:33.379191 4cf0          Options.create_missing_column_families: 1
2023/08/28-15:16:33.379197 4cf0                              Options.db_log_dir: 
2023/08/28-15:16:33.379203 4cf0                                 Options.wal_dir: C:\ALL_Softwares\working_projects\platform-parent\nacos\data\protocol\raft\naming_persistent_service_v2\log
2023/08/28-15:16:33.379210 4cf0                Options.table_cache_numshardbits: 6
2023/08/28-15:16:33.379216 4cf0                      Options.max_subcompactions: 1
2023/08/28-15:16:33.379222 4cf0                  Options.max_background_flushes: 1
2023/08/28-15:16:33.379229 4cf0                         Options.WAL_ttl_seconds: 0
2023/08/28-15:16:33.379235 4cf0                       Options.WAL_size_limit_MB: 0
2023/08/28-15:16:33.379241 4cf0             Options.manifest_preallocation_size: 4194304
2023/08/28-15:16:33.379247 4cf0                     Options.is_fd_close_on_exec: 1
2023/08/28-15:16:33.379253 4cf0                   Options.advise_random_on_open: 1
2023/08/28-15:16:33.379260 4cf0                    Options.db_write_buffer_size: 0
2023/08/28-15:16:33.379266 4cf0                    Options.write_buffer_manager: 0000022BF2D7EE80
2023/08/28-15:16:33.379273 4cf0         Options.access_hint_on_compaction_start: 1
2023/08/28-15:16:33.379279 4cf0  Options.new_table_reader_for_compaction_inputs: 0
2023/08/28-15:16:33.379285 4cf0           Options.random_access_max_buffer_size: 1048576
2023/08/28-15:16:33.379292 4cf0                      Options.use_adaptive_mutex: 0
2023/08/28-15:16:33.379297 4cf0                            Options.rate_limiter: 0000000000000000
2023/08/28-15:16:33.379363 4cf0     Options.sst_file_manager.rate_bytes_per_sec: 0
2023/08/28-15:16:33.379375 4cf0                       Options.wal_recovery_mode: 2
2023/08/28-15:16:33.379381 4cf0                  Options.enable_thread_tracking: 0
2023/08/28-15:16:33.379387 4cf0                  Options.enable_pipelined_write: 0
2023/08/28-15:16:33.379393 4cf0         Options.allow_concurrent_memtable_write: 1
2023/08/28-15:16:33.379399 4cf0      Options.enable_write_thread_adaptive_yield: 1
2023/08/28-15:16:33.379405 4cf0             Options.write_thread_max_yield_usec: 100
2023/08/28-15:16:33.379411 4cf0            Options.write_thread_slow_yield_usec: 3
2023/08/28-15:16:33.379417 4cf0                               Options.row_cache: None
2023/08/28-15:16:33.379424 4cf0                              Options.wal_filter: None
2023/08/28-15:16:33.379430 4cf0             Options.avoid_flush_during_recovery: 0
2023/08/28-15:16:33.379436 4cf0             Options.allow_ingest_behind: 0
2023/08/28-15:16:33.379442 4cf0             Options.preserve_deletes: 0
2023/08/28-15:16:33.379448 4cf0             Options.two_write_queues: 0
2023/08/28-15:16:33.379453 4cf0             Options.manual_wal_flush: 0
2023/08/28-15:16:33.379459 4cf0             Options.max_background_jobs: 2
2023/08/28-15:16:33.379465 4cf0             Options.max_background_compactions: 4
2023/08/28-15:16:33.379471 4cf0             Options.avoid_flush_during_shutdown: 0
2023/08/28-15:16:33.379477 4cf0           Options.writable_file_max_buffer_size: 1048576
2023/08/28-15:16:33.379526 4cf0             Options.delayed_write_rate : 16777216
2023/08/28-15:16:33.379539 4cf0             Options.max_total_wal_size: 0
2023/08/28-15:16:33.379545 4cf0             Options.delete_obsolete_files_period_micros: 21600000000
2023/08/28-15:16:33.379552 4cf0                   Options.stats_dump_period_sec: 600
2023/08/28-15:16:33.379558 4cf0                          Options.max_open_files: -1
2023/08/28-15:16:33.379588 4cf0                          Options.bytes_per_sync: 0
2023/08/28-15:16:33.379594 4cf0                      Options.wal_bytes_per_sync: 0
2023/08/28-15:16:33.379600 4cf0       Options.compaction_readahead_size: 0
2023/08/28-15:16:33.379606 4cf0 Compression algorithms supported:
2023/08/28-15:16:33.379613 4cf0 	kZSTD supported: 1
2023/08/28-15:16:33.379620 4cf0 	kSnappyCompression supported: 1
2023/08/28-15:16:33.379626 4cf0 	kBZip2Compression supported: 0
2023/08/28-15:16:33.379631 4cf0 	kZlibCompression supported: 1
2023/08/28-15:16:33.379658 4cf0 	kLZ4Compression supported: 1
2023/08/28-15:16:33.379664 4cf0 	kXpressCompression supported: 0
2023/08/28-15:16:33.379670 4cf0 	kLZ4HCCompression supported: 1
2023/08/28-15:16:33.379676 4cf0 	kZSTDNotFinalCompression supported: 1
2023/08/28-15:16:33.379703 4cf0 Fast CRC32 supported: Supported on x86
2023/08/28-15:16:33.395558 4cf0 [db\version_set.cc:3508] Recovering from manifest file: MANIFEST-000024
2023/08/28-15:16:33.409206 4cf0 [db\column_family.cc:474] --------------- Options for column family [default]:
2023/08/28-15:16:33.409253 4cf0               Options.comparator: leveldb.BytewiseComparator
2023/08/28-15:16:33.409264 4cf0           Options.merge_operator: StringAppendOperator
2023/08/28-15:16:33.409271 4cf0        Options.compaction_filter: None
2023/08/28-15:16:33.409277 4cf0        Options.compaction_filter_factory: None
2023/08/28-15:16:33.409283 4cf0         Options.memtable_factory: SkipListFactory
2023/08/28-15:16:33.409290 4cf0            Options.table_factory: BlockBasedTable
2023/08/28-15:16:33.409353 4cf0            table_factory options:   flush_block_policy_factory: FlushBlockBySizePolicyFactory (0000022B89B0E880)
  cache_index_and_filter_blocks: 0
  cache_index_and_filter_blocks_with_high_priority: 1
  pin_l0_filter_and_index_blocks_in_cache: 1
  pin_top_level_index_and_filter: 1
  index_type: 2
  hash_index_allow_collision: 1
  checksum: 1
  no_block_cache: 0
  block_cache: 0000022BEE4AD800
  block_cache_name: LRUCache
  block_cache_options:
    capacity : 536870912
    num_shard_bits : 8
    strict_capacity_limit : 0
    memory_allocator : None
    high_pri_pool_ratio: 0.000
  block_cache_compressed: 0000000000000000
  persistent_cache: 0000000000000000
  block_size: 4096
  block_size_deviation: 10
  block_restart_interval: 16
  index_block_restart_interval: 1
  metadata_block_size: 8192
  partition_filters: 1
  use_delta_encoding: 1
  filter_policy: nullptr
  whole_key_filtering: 1
  verify_compression: 0
  read_amp_bytes_per_bit: 0
  format_version: 0
  enable_index_compression: 1
  block_align: 0
2023/08/28-15:16:33.409443 4cf0        Options.write_buffer_size: 67108864
2023/08/28-15:16:33.409454 4cf0  Options.max_write_buffer_number: 3
2023/08/28-15:16:33.409461 4cf0          Options.compression: Snappy
2023/08/28-15:16:33.409467 4cf0                  Options.bottommost_compression: Disabled
2023/08/28-15:16:33.409474 4cf0       Options.prefix_extractor: rocksdb.FixedPrefix.8
2023/08/28-15:16:33.409480 4cf0   Options.memtable_insert_with_hint_prefix_extractor: nullptr
2023/08/28-15:16:33.409486 4cf0             Options.num_levels: 7
2023/08/28-15:16:33.409492 4cf0        Options.min_write_buffer_number_to_merge: 1
2023/08/28-15:16:33.409497 4cf0     Options.max_write_buffer_number_to_maintain: 0
2023/08/28-15:16:33.409504 4cf0            Options.bottommost_compression_opts.window_bits: -14
2023/08/28-15:16:33.409510 4cf0                  Options.bottommost_compression_opts.level: 32767
2023/08/28-15:16:33.409516 4cf0               Options.bottommost_compression_opts.strategy: 0
2023/08/28-15:16:33.409522 4cf0         Options.bottommost_compression_opts.max_dict_bytes: 0
2023/08/28-15:16:33.409528 4cf0         Options.bottommost_compression_opts.zstd_max_train_bytes: 0
2023/08/28-15:16:33.409534 4cf0                  Options.bottommost_compression_opts.enabled: false
2023/08/28-15:16:33.409541 4cf0            Options.compression_opts.window_bits: -14
2023/08/28-15:16:33.409547 4cf0                  Options.compression_opts.level: 32767
2023/08/28-15:16:33.409553 4cf0               Options.compression_opts.strategy: 0
2023/08/28-15:16:33.409558 4cf0         Options.compression_opts.max_dict_bytes: 0
2023/08/28-15:16:33.409564 4cf0         Options.compression_opts.zstd_max_train_bytes: 0
2023/08/28-15:16:33.409570 4cf0                  Options.compression_opts.enabled: false
2023/08/28-15:16:33.409576 4cf0      Options.level0_file_num_compaction_trigger: 10
2023/08/28-15:16:33.409582 4cf0          Options.level0_slowdown_writes_trigger: 20
2023/08/28-15:16:33.409588 4cf0              Options.level0_stop_writes_trigger: 40
2023/08/28-15:16:33.409594 4cf0                   Options.target_file_size_base: 67108864
2023/08/28-15:16:33.409600 4cf0             Options.target_file_size_multiplier: 1
2023/08/28-15:16:33.409605 4cf0                Options.max_bytes_for_level_base: 536870912
2023/08/28-15:16:33.409611 4cf0 Options.level_compaction_dynamic_level_bytes: 0
2023/08/28-15:16:33.409617 4cf0          Options.max_bytes_for_level_multiplier: 10.000000
2023/08/28-15:16:33.409628 4cf0 Options.max_bytes_for_level_multiplier_addtl[0]: 1
2023/08/28-15:16:33.409634 4cf0 Options.max_bytes_for_level_multiplier_addtl[1]: 1
2023/08/28-15:16:33.409641 4cf0 Options.max_bytes_for_level_multiplier_addtl[2]: 1
2023/08/28-15:16:33.409647 4cf0 Options.max_bytes_for_level_multiplier_addtl[3]: 1
2023/08/28-15:16:33.409653 4cf0 Options.max_bytes_for_level_multiplier_addtl[4]: 1
2023/08/28-15:16:33.409659 4cf0 Options.max_bytes_for_level_multiplier_addtl[5]: 1
2023/08/28-15:16:33.409665 4cf0 Options.max_bytes_for_level_multiplier_addtl[6]: 1
2023/08/28-15:16:33.409671 4cf0       Options.max_sequential_skip_in_iterations: 8
2023/08/28-15:16:33.409678 4cf0                    Options.max_compaction_bytes: 1677721600
2023/08/28-15:16:33.409687 4cf0                        Options.arena_block_size: 8388608
2023/08/28-15:16:33.409694 4cf0   Options.soft_pending_compaction_bytes_limit: 68719476736
2023/08/28-15:16:33.409700 4cf0   Options.hard_pending_compaction_bytes_limit: 274877906944
2023/08/28-15:16:33.409706 4cf0       Options.rate_limit_delay_max_milliseconds: 100
2023/08/28-15:16:33.409715 4cf0                Options.disable_auto_compactions: 0
2023/08/28-15:16:33.409739 4cf0                        Options.compaction_style: kCompactionStyleLevel
2023/08/28-15:16:33.409747 4cf0                          Options.compaction_pri: kByCompensatedSize
2023/08/28-15:16:33.409753 4cf0 Options.compaction_options_universal.size_ratio: 1
2023/08/28-15:16:33.409759 4cf0 Options.compaction_options_universal.min_merge_width: 2
2023/08/28-15:16:33.409766 4cf0 Options.compaction_options_universal.max_merge_width: 4294967295
2023/08/28-15:16:33.409772 4cf0 Options.compaction_options_universal.max_size_amplification_percent: 200
2023/08/28-15:16:33.409778 4cf0 Options.compaction_options_universal.compression_size_percent: -1
2023/08/28-15:16:33.409785 4cf0 Options.compaction_options_universal.stop_style: kCompactionStopStyleTotalSize
2023/08/28-15:16:33.409791 4cf0 Options.compaction_options_fifo.max_table_files_size: 1073741824
2023/08/28-15:16:33.409798 4cf0 Options.compaction_options_fifo.allow_compaction: 0
2023/08/28-15:16:33.409804 4cf0 Options.compaction_options_fifo.ttl: 0
2023/08/28-15:16:33.409810 4cf0                   Options.table_properties_collectors: 
2023/08/28-15:16:33.409816 4cf0                   Options.inplace_update_support: 0
2023/08/28-15:16:33.409821 4cf0                 Options.inplace_update_num_locks: 10000
2023/08/28-15:16:33.409827 4cf0               Options.memtable_prefix_bloom_size_ratio: 0.125000
2023/08/28-15:16:33.409836 4cf0   Options.memtable_huge_page_size: 0
2023/08/28-15:16:33.409842 4cf0                           Options.bloom_locality: 0
2023/08/28-15:16:33.409849 4cf0                    Options.max_successive_merges: 0
2023/08/28-15:16:33.409855 4cf0                Options.optimize_filters_for_hits: 0
2023/08/28-15:16:33.409861 4cf0                Options.paranoid_file_checks: 0
2023/08/28-15:16:33.409867 4cf0                Options.force_consistency_checks: 1
2023/08/28-15:16:33.409873 4cf0                Options.report_bg_io_stats: 0
2023/08/28-15:16:33.409880 4cf0                               Options.ttl: 0
2023/08/28-15:16:33.414510 4cf0 [db\column_family.cc:474] --------------- Options for column family [Configuration]:
2023/08/28-15:16:33.414542 4cf0               Options.comparator: leveldb.BytewiseComparator
2023/08/28-15:16:33.414549 4cf0           Options.merge_operator: StringAppendOperator
2023/08/28-15:16:33.414555 4cf0        Options.compaction_filter: None
2023/08/28-15:16:33.414561 4cf0        Options.compaction_filter_factory: None
2023/08/28-15:16:33.414568 4cf0         Options.memtable_factory: SkipListFactory
2023/08/28-15:16:33.414574 4cf0            Options.table_factory: BlockBasedTable
2023/08/28-15:16:33.414622 4cf0            table_factory options:   flush_block_policy_factory: FlushBlockBySizePolicyFactory (0000022B89B0E880)
  cache_index_and_filter_blocks: 0
  cache_index_and_filter_blocks_with_high_priority: 1
  pin_l0_filter_and_index_blocks_in_cache: 1
  pin_top_level_index_and_filter: 1
  index_type: 2
  hash_index_allow_collision: 1
  checksum: 1
  no_block_cache: 0
  block_cache: 0000022BEE4AD800
  block_cache_name: LRUCache
  block_cache_options:
    capacity : 536870912
    num_shard_bits : 8
    strict_capacity_limit : 0
    memory_allocator : None
    high_pri_pool_ratio: 0.000
  block_cache_compressed: 0000000000000000
  persistent_cache: 0000000000000000
  block_size: 4096
  block_size_deviation: 10
  block_restart_interval: 16
  index_block_restart_interval: 1
  metadata_block_size: 8192
  partition_filters: 1
  use_delta_encoding: 1
  filter_policy: nullptr
  whole_key_filtering: 1
  verify_compression: 0
  read_amp_bytes_per_bit: 0
  format_version: 0
  enable_index_compression: 1
  block_align: 0
2023/08/28-15:16:33.414631 4cf0        Options.write_buffer_size: 67108864
2023/08/28-15:16:33.414636 4cf0  Options.max_write_buffer_number: 3
2023/08/28-15:16:33.414643 4cf0          Options.compression: Snappy
2023/08/28-15:16:33.414649 4cf0                  Options.bottommost_compression: Disabled
2023/08/28-15:16:33.414740 4cf0       Options.prefix_extractor: rocksdb.FixedPrefix.8
2023/08/28-15:16:33.414750 4cf0   Options.memtable_insert_with_hint_prefix_extractor: nullptr
2023/08/28-15:16:33.414756 4cf0             Options.num_levels: 7
2023/08/28-15:16:33.414761 4cf0        Options.min_write_buffer_number_to_merge: 1
2023/08/28-15:16:33.414767 4cf0     Options.max_write_buffer_number_to_maintain: 0
2023/08/28-15:16:33.414774 4cf0            Options.bottommost_compression_opts.window_bits: -14
2023/08/28-15:16:33.414780 4cf0                  Options.bottommost_compression_opts.level: 32767
2023/08/28-15:16:33.414786 4cf0               Options.bottommost_compression_opts.strategy: 0
2023/08/28-15:16:33.414792 4cf0         Options.bottommost_compression_opts.max_dict_bytes: 0
2023/08/28-15:16:33.414798 4cf0         Options.bottommost_compression_opts.zstd_max_train_bytes: 0
2023/08/28-15:16:33.414804 4cf0                  Options.bottommost_compression_opts.enabled: false
2023/08/28-15:16:33.414810 4cf0            Options.compression_opts.window_bits: -14
2023/08/28-15:16:33.414816 4cf0                  Options.compression_opts.level: 32767
2023/08/28-15:16:33.414822 4cf0               Options.compression_opts.strategy: 0
2023/08/28-15:16:33.414828 4cf0         Options.compression_opts.max_dict_bytes: 0
2023/08/28-15:16:33.414834 4cf0         Options.compression_opts.zstd_max_train_bytes: 0
2023/08/28-15:16:33.414840 4cf0                  Options.compression_opts.enabled: false
2023/08/28-15:16:33.414846 4cf0      Options.level0_file_num_compaction_trigger: 10
2023/08/28-15:16:33.414852 4cf0          Options.level0_slowdown_writes_trigger: 20
2023/08/28-15:16:33.414857 4cf0              Options.level0_stop_writes_trigger: 40
2023/08/28-15:16:33.414864 4cf0                   Options.target_file_size_base: 67108864
2023/08/28-15:16:33.414870 4cf0             Options.target_file_size_multiplier: 1
2023/08/28-15:16:33.414876 4cf0                Options.max_bytes_for_level_base: 536870912
2023/08/28-15:16:33.414882 4cf0 Options.level_compaction_dynamic_level_bytes: 0
2023/08/28-15:16:33.414888 4cf0          Options.max_bytes_for_level_multiplier: 10.000000
2023/08/28-15:16:33.414897 4cf0 Options.max_bytes_for_level_multiplier_addtl[0]: 1
2023/08/28-15:16:33.414903 4cf0 Options.max_bytes_for_level_multiplier_addtl[1]: 1
2023/08/28-15:16:33.414909 4cf0 Options.max_bytes_for_level_multiplier_addtl[2]: 1
2023/08/28-15:16:33.414914 4cf0 Options.max_bytes_for_level_multiplier_addtl[3]: 1
2023/08/28-15:16:33.414920 4cf0 Options.max_bytes_for_level_multiplier_addtl[4]: 1
2023/08/28-15:16:33.414952 4cf0 Options.max_bytes_for_level_multiplier_addtl[5]: 1
2023/08/28-15:16:33.414962 4cf0 Options.max_bytes_for_level_multiplier_addtl[6]: 1
2023/08/28-15:16:33.414968 4cf0       Options.max_sequential_skip_in_iterations: 8
2023/08/28-15:16:33.414990 4cf0                    Options.max_compaction_bytes: 1677721600
2023/08/28-15:16:33.415000 4cf0                        Options.arena_block_size: 8388608
2023/08/28-15:16:33.415006 4cf0   Options.soft_pending_compaction_bytes_limit: 68719476736
2023/08/28-15:16:33.415012 4cf0   Options.hard_pending_compaction_bytes_limit: 274877906944
2023/08/28-15:16:33.415018 4cf0       Options.rate_limit_delay_max_milliseconds: 100
2023/08/28-15:16:33.415025 4cf0                Options.disable_auto_compactions: 0
2023/08/28-15:16:33.415034 4cf0                        Options.compaction_style: kCompactionStyleLevel
2023/08/28-15:16:33.415041 4cf0                          Options.compaction_pri: kByCompensatedSize
2023/08/28-15:16:33.415047 4cf0 Options.compaction_options_universal.size_ratio: 1
2023/08/28-15:16:33.415053 4cf0 Options.compaction_options_universal.min_merge_width: 2
2023/08/28-15:16:33.415058 4cf0 Options.compaction_options_universal.max_merge_width: 4294967295
2023/08/28-15:16:33.415064 4cf0 Options.compaction_options_universal.max_size_amplification_percent: 200
2023/08/28-15:16:33.415070 4cf0 Options.compaction_options_universal.compression_size_percent: -1
2023/08/28-15:16:33.415081 4cf0 Options.compaction_options_universal.stop_style: kCompactionStopStyleTotalSize
2023/08/28-15:16:33.415089 4cf0 Options.compaction_options_fifo.max_table_files_size: 1073741824
2023/08/28-15:16:33.415106 4cf0 Options.compaction_options_fifo.allow_compaction: 0
2023/08/28-15:16:33.415114 4cf0 Options.compaction_options_fifo.ttl: 0
2023/08/28-15:16:33.415142 4cf0                   Options.table_properties_collectors: 
2023/08/28-15:16:33.415150 4cf0                   Options.inplace_update_support: 0
2023/08/28-15:16:33.415157 4cf0                 Options.inplace_update_num_locks: 10000
2023/08/28-15:16:33.415164 4cf0               Options.memtable_prefix_bloom_size_ratio: 0.125000
2023/08/28-15:16:33.415174 4cf0   Options.memtable_huge_page_size: 0
2023/08/28-15:16:33.415181 4cf0                           Options.bloom_locality: 0
2023/08/28-15:16:33.415187 4cf0                    Options.max_successive_merges: 0
2023/08/28-15:16:33.415193 4cf0                Options.optimize_filters_for_hits: 0
2023/08/28-15:16:33.415200 4cf0                Options.paranoid_file_checks: 0
2023/08/28-15:16:33.415206 4cf0                Options.force_consistency_checks: 1
2023/08/28-15:16:33.415212 4cf0                Options.report_bg_io_stats: 0
2023/08/28-15:16:33.415219 4cf0                               Options.ttl: 0
2023/08/28-15:16:33.467410 4cf0 [db\version_set.cc:3724] Recovered from manifest file:C:\ALL_Softwares\working_projects\platform-parent\nacos\data\protocol\raft\naming_persistent_service_v2\log/MANIFEST-000024 succeeded,manifest_file_number is 24, next_file_number is 27, last_sequence is 52, log_number is 0,prev_log_number is 0,max_column_family is 1,min_log_number_to_keep is 0
2023/08/28-15:16:33.467441 4cf0 [db\version_set.cc:3732] Column family [default] (ID 0), log number is 23
2023/08/28-15:16:33.467449 4cf0 [db\version_set.cc:3732] Column family [Configuration] (ID 1), log number is 23
2023/08/28-15:16:33.469713 4cf0 EVENT_LOG_v1 {"time_micros": 1693206993468619, "job": 1, "event": "recovery_started", "log_files": [26]}
2023/08/28-15:16:33.469747 4cf0 [db\db_impl_open.cc:578] Recovering log #26 mode 2
2023/08/28-15:16:33.490820 4cf0 EVENT_LOG_v1 {"time_micros": 1693206993490789, "cf_name": "default", "job": 1, "event": "table_file_creation", "file_number": 27, "file_size": 778, "table_properties": {"data_size": 0, "index_size": 13, "filter_size": 0, "raw_key_size": 48, "raw_average_key_size": 0, "raw_value_size": 24, "raw_average_value_size": 0, "num_data_blocks": 0, "num_entries": 0, "filter_policy_name": ""}}
2023/08/28-15:16:33.494097 4cf0 [db\version_set.cc:3037] Creating manifest 28
2023/08/28-15:16:33.515070 4cf0 EVENT_LOG_v1 {"time_micros": 1693206993515040, "cf_name": "Configuration", "job": 1, "event": "table_file_creation", "file_number": 29, "file_size": 908, "table_properties": {"data_size": 44, "index_size": 49, "filter_size": 0, "raw_key_size": 74, "raw_average_key_size": 74, "raw_value_size": 32, "raw_average_value_size": 32, "num_data_blocks": 1, "num_entries": 1, "filter_policy_name": ""}}
2023/08/28-15:16:33.520532 4cf0 EVENT_LOG_v1 {"time_micros": 1693206993520520, "job": 1, "event": "recovery_finished"}
2023/08/28-15:16:33.555908 4cf0 [db\db_impl_open.cc:1314] DB pointer 0000022BF103BBB0
2023/08/28-15:16:33.556727 68b4 [WARN] [db\db_impl.cc:669] ------- DUMPING STATS -------
2023/08/28-15:16:33.556766 68b4 [WARN] [db\db_impl.cc:670] 
** DB Stats **
Uptime(secs): 0.1 total, 0.1 interval
Cumulative writes: 0 writes, 0 keys, 0 commit groups, 0.0 writes per commit group, ingest: 0.00 GB, 0.00 MB/s
Cumulative WAL: 0 writes, 0 syncs, 0.00 writes per sync, written: 0.00 GB, 0.00 MB/s
Cumulative stall: 00:00:0.000 H:M:S, 0.0 percent
Interval writes: 0 writes, 0 keys, 0 commit groups, 0.0 writes per commit group, ingest: 0.00 MB, 0.00 MB/s
Interval WAL: 0 writes, 0 syncs, 0.00 writes per sync, written: 0.00 MB, 0.00 MB/s
Interval stall: 00:00:0.000 H:M:S, 0.0 percent

** Compaction Stats [default] **
Level    Files   Size     Score Read(GB)  Rn(GB) Rnp1(GB) Write(GB) Wnew(GB) Moved(GB) W-Amp Rd(MB/s) Wr(MB/s) Comp(sec) Comp(cnt) Avg(sec) KeyIn KeyDrop
----------------------------------------------------------------------------------------------------------------------------------------------------------
  L0      6/0    4.77 KB   0.6      0.0     0.0      0.0       0.0      0.0       0.0   1.0      0.0      0.1         0         1    0.010       0      0
 Sum      6/0    4.77 KB   0.0      0.0     0.0      0.0       0.0      0.0       0.0   1.0      0.0      0.1         0         1    0.010       0      0
 Int      0/0    0.00 KB   0.0      0.0     0.0      0.0       0.0      0.0       0.0   1.0      0.0      0.1         0         1    0.010       0      0
Uptime(secs): 0.1 total, 0.1 interval
Flush(GB): cumulative 0.000, interval 0.000
AddFile(GB): cumulative 0.000, interval 0.000
AddFile(Total Files): cumulative 0, interval 0
AddFile(L0 Files): cumulative 0, interval 0
AddFile(Keys): cumulative 0, interval 0
Cumulative compaction: 0.00 GB write, 0.01 MB/s write, 0.00 GB read, 0.00 MB/s read, 0.0 seconds
Interval compaction: 0.00 GB write, 0.01 MB/s write, 0.00 GB read, 0.00 MB/s read, 0.0 seconds
Stalls(count): 0 level0_slowdown, 0 level0_slowdown_with_compaction, 0 level0_numfiles, 0 level0_numfiles_with_compaction, 0 stop for pending_compaction_bytes, 0 slowdown for pending_compaction_bytes, 0 memtable_compaction, 0 memtable_slowdown, interval 0 total count

** File Read Latency Histogram By Level [default] **
** Level 0 read latency histogram (micros):
Count: 32 Average: 15.6563  StdDev: 19.95
Min: 3  Median: 6.0000  Max: 79
Percentiles: P50: 6.00 P75: 11.67 P99: 72.00 P99.9: 75.60 P99.99: 75.96
------------------------------------------------------
(       2,       3 ]        2   6.250%   6.250% #
(       3,       4 ]        7  21.875%  28.125% ####
(       4,       6 ]        7  21.875%  50.000% ####
(       6,      10 ]        7  21.875%  71.875% ####
(      10,      15 ]        3   9.375%  81.250% ##
(      15,      22 ]        1   3.125%  84.375% #
(      34,      51 ]        3   9.375%  93.750% ##
(      51,      76 ]        2   6.250% 100.000% #
(      76,     110 ]        1   3.125% 103.125% #


** Compaction Stats [Configuration] **
Level    Files   Size     Score Read(GB)  Rn(GB) Rnp1(GB) Write(GB) Wnew(GB) Moved(GB) W-Amp Rd(MB/s) Wr(MB/s) Comp(sec) Comp(cnt) Avg(sec) KeyIn KeyDrop
----------------------------------------------------------------------------------------------------------------------------------------------------------
  L0      6/0    5.25 KB   0.6      0.0     0.0      0.0       0.0      0.0       0.0   1.0      0.0      0.1         0         1    0.010       0      0
 Sum      6/0    5.25 KB   0.0      0.0     0.0      0.0       0.0      0.0       0.0   1.0      0.0      0.1         0         1    0.010       0      0
 Int      0/0    0.00 KB   0.0      0.0     0.0      0.0       0.0      0.0       0.0   1.0      0.0      0.1         0         1    0.010       0      0
Uptime(secs): 0.1 total, 0.1 interval
Flush(GB): cumulative 0.000, interval 0.000
AddFile(GB): cumulative 0.000, interval 0.000
AddFile(Total Files): cumulative 0, interval 0
AddFile(L0 Files): cumulative 0, interval 0
AddFile(Keys): cumulative 0, interval 0
Cumulative compaction: 0.00 GB write, 0.01 MB/s write, 0.00 GB read, 0.00 MB/s read, 0.0 seconds
Interval compaction: 0.00 GB write, 0.01 MB/s write, 0.00 GB read, 0.00 MB/s read, 0.0 seconds
Stalls(count): 0 level0_slowdown, 0 level0_slowdown_with_compaction, 0 level0_numfiles, 0 level0_numfiles_with_compaction, 0 stop for pending_compaction_bytes, 0 slowdown for pending_compaction_bytes, 0 memtable_compaction, 0 memtable_slowdown, interval 0 total count

** File Read Latency Histogram By Level [Configuration] **
** Level 0 read latency histogram (micros):
Count: 36 Average: 16.4722  StdDev: 24.82
Min: 2  Median: 4.8571  Max: 103
Percentiles: P50: 4.86 P75: 11.67 P99: 103.00 P99.9: 103.00 P99.99: 103.00
------------------------------------------------------
(       1,       2 ]        1   2.778%   2.778% #
(       2,       3 ]        7  19.444%  22.222% ####
(       3,       4 ]        7  19.444%  41.667% ####
(       4,       6 ]        7  19.444%  61.111% ####
(       6,      10 ]        4  11.111%  72.222% ##
(      10,      15 ]        3   8.333%  80.556% ##
(      22,      34 ]        1   2.778%  83.333% #
(      34,      51 ]        3   8.333%  91.667% ##
(      51,      76 ]        1   2.778%  94.444% #
(      76,     110 ]        2   5.556% 100.000% #


** Compaction Stats [default] **
Level    Files   Size     Score Read(GB)  Rn(GB) Rnp1(GB) Write(GB) Wnew(GB) Moved(GB) W-Amp Rd(MB/s) Wr(MB/s) Comp(sec) Comp(cnt) Avg(sec) KeyIn KeyDrop
----------------------------------------------------------------------------------------------------------------------------------------------------------
  L0      6/0    4.77 KB   0.6      0.0     0.0      0.0       0.0      0.0       0.0   1.0      0.0      0.1         0         1    0.010       0      0
 Sum      6/0    4.77 KB   0.0      0.0     0.0      0.0       0.0      0.0       0.0   1.0      0.0      0.1         0         1    0.010       0      0
 Int      0/0    0.00 KB   0.0      0.0     0.0      0.0       0.0      0.0       0.0   0.0      0.0      0.0         0         0    0.000       0      0
Uptime(secs): 0.1 total, 0.0 interval
Flush(GB): cumulative 0.000, interval 0.000
AddFile(GB): cumulative 0.000, interval 0.000
AddFile(Total Files): cumulative 0, interval 0
AddFile(L0 Files): cumulative 0, interval 0
AddFile(Keys): cumulative 0, interval 0
Cumulative compaction: 0.00 GB write, 0.01 MB/s write, 0.00 GB read, 0.00 MB/s read, 0.0 seconds
Interval compaction: 0.00 GB write, 0.00 MB/s write, 0.00 GB read, 0.00 MB/s read, 0.0 seconds
Stalls(count): 0 level0_slowdown, 0 level0_slowdown_with_compaction, 0 level0_numfiles, 0 level0_numfiles_with_compaction, 0 stop for pending_compaction_bytes, 0 slowdown for pending_compaction_bytes, 0 memtable_compaction, 0 memtable_slowdown, interval 0 total count

** File Read Latency Histogram By Level [default] **
** Level 0 read latency histogram (micros):
Count: 32 Average: 15.6563  StdDev: 19.95
Min: 3  Median: 6.0000  Max: 79
Percentiles: P50: 6.00 P75: 11.67 P99: 72.00 P99.9: 75.60 P99.99: 75.96
------------------------------------------------------
(       2,       3 ]        2   6.250%   6.250% #
(       3,       4 ]        7  21.875%  28.125% ####
(       4,       6 ]        7  21.875%  50.000% ####
(       6,      10 ]        7  21.875%  71.875% ####
(      10,      15 ]        3   9.375%  81.250% ##
(      15,      22 ]        1   3.125%  84.375% #
(      34,      51 ]        3   9.375%  93.750% ##
(      51,      76 ]        2   6.250% 100.000% #
(      76,     110 ]        1   3.125% 103.125% #


** Compaction Stats [Configuration] **
Level    Files   Size     Score Read(GB)  Rn(GB) Rnp1(GB) Write(GB) Wnew(GB) Moved(GB) W-Amp Rd(MB/s) Wr(MB/s) Comp(sec) Comp(cnt) Avg(sec) KeyIn KeyDrop
----------------------------------------------------------------------------------------------------------------------------------------------------------
  L0      6/0    5.25 KB   0.6      0.0     0.0      0.0       0.0      0.0       0.0   1.0      0.0      0.1         0         1    0.010       0      0
 Sum      6/0    5.25 KB   0.0      0.0     0.0      0.0       0.0      0.0       0.0   1.0      0.0      0.1         0         1    0.010       0      0
 Int      0/0    0.00 KB   0.0      0.0     0.0      0.0       0.0      0.0       0.0   0.0      0.0      0.0         0         0    0.000       0      0
Uptime(secs): 0.1 total, 0.0 interval
Flush(GB): cumulative 0.000, interval 0.000
AddFile(GB): cumulative 0.000, interval 0.000
AddFile(Total Files): cumulative 0, interval 0
AddFile(L0 Files): cumulative 0, interval 0
AddFile(Keys): cumulative 0, interval 0
Cumulative compaction: 0.00 GB write, 0.01 MB/s write, 0.00 GB read, 0.00 MB/s read, 0.0 seconds
Interval compaction: 0.00 GB write, 0.00 MB/s write, 0.00 GB read, 0.00 MB/s read, 0.0 seconds
Stalls(count): 0 level0_slowdown, 0 level0_slowdown_with_compaction, 0 level0_numfiles, 0 level0_numfiles_with_compaction, 0 stop for pending_compaction_bytes, 0 slowdown for pending_compaction_bytes, 0 memtable_compaction, 0 memtable_slowdown, interval 0 total count

** File Read Latency Histogram By Level [Configuration] **
** Level 0 read latency histogram (micros):
Count: 36 Average: 16.4722  StdDev: 24.82
Min: 2  Median: 4.8571  Max: 103
Percentiles: P50: 4.86 P75: 11.67 P99: 103.00 P99.9: 103.00 P99.99: 103.00
------------------------------------------------------
(       1,       2 ]        1   2.778%   2.778% #
(       2,       3 ]        7  19.444%  22.222% ####
(       3,       4 ]        7  19.444%  41.667% ####
(       4,       6 ]        7  19.444%  61.111% ####
(       6,      10 ]        4  11.111%  72.222% ##
(      10,      15 ]        3   8.333%  80.556% ##
(      22,      34 ]        1   2.778%  83.333% #
(      34,      51 ]        3   8.333%  91.667% ##
(      51,      76 ]        1   2.778%  94.444% #
(      76,     110 ]        2   5.556% 100.000% #

2023/08/28-15:16:33.557407 68b4 [WARN] [db\db_impl.cc:617] STATISTICS:
 rocksdb.block.cache.miss COUNT : 21
rocksdb.block.cache.hit COUNT : 0
rocksdb.block.cache.add COUNT : 21
rocksdb.block.cache.add.failures COUNT : 0
rocksdb.block.cache.index.miss COUNT : 9
rocksdb.block.cache.index.hit COUNT : 0
rocksdb.block.cache.index.add COUNT : 9
rocksdb.block.cache.index.bytes.insert COUNT : 918
rocksdb.block.cache.index.bytes.evict COUNT : 0
rocksdb.block.cache.filter.miss COUNT : 0
rocksdb.block.cache.filter.hit COUNT : 0
rocksdb.block.cache.filter.add COUNT : 0
rocksdb.block.cache.filter.bytes.insert COUNT : 0
rocksdb.block.cache.filter.bytes.evict COUNT : 0
rocksdb.block.cache.data.miss COUNT : 12
rocksdb.block.cache.data.hit COUNT : 0
rocksdb.block.cache.data.add COUNT : 12
rocksdb.block.cache.data.bytes.insert COUNT : 1690
rocksdb.block.cache.bytes.read COUNT : 0
rocksdb.block.cache.bytes.write COUNT : 2608
rocksdb.bloom.filter.useful COUNT : 0
rocksdb.bloom.filter.full.positive COUNT : 0
rocksdb.bloom.filter.full.true.positive COUNT : 0
rocksdb.persistent.cache.hit COUNT : 0
rocksdb.persistent.cache.miss COUNT : 0
rocksdb.sim.block.cache.hit COUNT : 0
rocksdb.sim.block.cache.miss COUNT : 0
rocksdb.memtable.hit COUNT : 0
rocksdb.memtable.miss COUNT : 0
rocksdb.l0.hit COUNT : 0
rocksdb.l1.hit COUNT : 0
rocksdb.l2andup.hit COUNT : 0
rocksdb.compaction.key.drop.new COUNT : 0
rocksdb.compaction.key.drop.obsolete COUNT : 0
rocksdb.compaction.key.drop.range_del COUNT : 0
rocksdb.compaction.key.drop.user COUNT : 0
rocksdb.compaction.range_del.drop.obsolete COUNT : 0
rocksdb.compaction.optimized.del.drop.obsolete COUNT : 0
rocksdb.compaction.cancelled COUNT : 0
rocksdb.number.keys.written COUNT : 0
rocksdb.number.keys.read COUNT : 0
rocksdb.number.keys.updated COUNT : 0
rocksdb.bytes.written COUNT : 0
rocksdb.bytes.read COUNT : 0
rocksdb.number.db.seek COUNT : 0
rocksdb.number.db.next COUNT : 0
rocksdb.number.db.prev COUNT : 0
rocksdb.number.db.seek.found COUNT : 0
rocksdb.number.db.next.found COUNT : 0
rocksdb.number.db.prev.found COUNT : 0
rocksdb.db.iter.bytes.read COUNT : 0
rocksdb.no.file.closes COUNT : 0
rocksdb.no.file.opens COUNT : 12
rocksdb.no.file.errors COUNT : 0
rocksdb.l0.slowdown.micros COUNT : 0
rocksdb.memtable.compaction.micros COUNT : 0
rocksdb.l0.num.files.stall.micros COUNT : 0
rocksdb.stall.micros COUNT : 0
rocksdb.db.mutex.wait.micros COUNT : 0
rocksdb.rate.limit.delay.millis COUNT : 0
rocksdb.num.iterators COUNT : 0
rocksdb.number.multiget.get COUNT : 0
rocksdb.number.multiget.keys.read COUNT : 0
rocksdb.number.multiget.bytes.read COUNT : 0
rocksdb.number.deletes.filtered COUNT : 0
rocksdb.number.merge.failures COUNT : 0
rocksdb.bloom.filter.prefix.checked COUNT : 0
rocksdb.bloom.filter.prefix.useful COUNT : 0
rocksdb.number.reseeks.iteration COUNT : 0
rocksdb.getupdatessince.calls COUNT : 0
rocksdb.block.cachecompressed.miss COUNT : 0
rocksdb.block.cachecompressed.hit COUNT : 0
rocksdb.block.cachecompressed.add COUNT : 0
rocksdb.block.cachecompressed.add.failures COUNT : 0
rocksdb.wal.synced COUNT : 0
rocksdb.wal.bytes COUNT : 0
rocksdb.write.self COUNT : 0
rocksdb.write.other COUNT : 0
rocksdb.write.timeout COUNT : 0
rocksdb.write.wal COUNT : 0
rocksdb.compact.read.bytes COUNT : 0
rocksdb.compact.write.bytes COUNT : 1686
rocksdb.flush.write.bytes COUNT : 0
rocksdb.number.direct.load.table.properties COUNT : 0
rocksdb.number.superversion_acquires COUNT : 0
rocksdb.number.superversion_releases COUNT : 0
rocksdb.number.superversion_cleanups COUNT : 0
rocksdb.number.block.compressed COUNT : 1
rocksdb.number.block.decompressed COUNT : 0
rocksdb.number.block.not_compressed COUNT : 0
rocksdb.merge.operation.time.nanos COUNT : 0
rocksdb.filter.operation.time.nanos COUNT : 0
rocksdb.row.cache.hit COUNT : 0
rocksdb.row.cache.miss COUNT : 0
rocksdb.read.amp.estimate.useful.bytes COUNT : 0
rocksdb.read.amp.total.read.bytes COUNT : 0
rocksdb.number.rate_limiter.drains COUNT : 0
rocksdb.number.iter.skip COUNT : 0
rocksdb.blobdb.num.put COUNT : 0
rocksdb.blobdb.num.write COUNT : 0
rocksdb.blobdb.num.get COUNT : 0
rocksdb.blobdb.num.multiget COUNT : 0
rocksdb.blobdb.num.seek COUNT : 0
rocksdb.blobdb.num.next COUNT : 0
rocksdb.blobdb.num.prev COUNT : 0
rocksdb.blobdb.num.keys.written COUNT : 0
rocksdb.blobdb.num.keys.read COUNT : 0
rocksdb.blobdb.bytes.written COUNT : 0
rocksdb.blobdb.bytes.read COUNT : 0
rocksdb.blobdb.write.inlined COUNT : 0
rocksdb.blobdb.write.inlined.ttl COUNT : 0
rocksdb.blobdb.write.blob COUNT : 0
rocksdb.blobdb.write.blob.ttl COUNT : 0
rocksdb.blobdb.blob.file.bytes.written COUNT : 0
rocksdb.blobdb.blob.file.bytes.read COUNT : 0
rocksdb.blobdb.blob.file.synced COUNT : 0
rocksdb.blobdb.blob.index.expired.count COUNT : 0
rocksdb.blobdb.blob.index.expired.size COUNT : 0
rocksdb.blobdb.blob.index.evicted.count COUNT : 0
rocksdb.blobdb.blob.index.evicted.size COUNT : 0
rocksdb.blobdb.gc.num.files COUNT : 0
rocksdb.blobdb.gc.num.new.files COUNT : 0
rocksdb.blobdb.gc.failures COUNT : 0
rocksdb.blobdb.gc.num.keys.overwritten COUNT : 0
rocksdb.blobdb.gc.num.keys.expired COUNT : 0
rocksdb.blobdb.gc.num.keys.relocated COUNT : 0
rocksdb.blobdb.gc.bytes.overwritten COUNT : 0
rocksdb.blobdb.gc.bytes.expired COUNT : 0
rocksdb.blobdb.gc.bytes.relocated COUNT : 0
rocksdb.blobdb.fifo.num.files.evicted COUNT : 0
rocksdb.blobdb.fifo.num.keys.evicted COUNT : 0
rocksdb.blobdb.fifo.bytes.evicted COUNT : 0
rocksdb.txn.overhead.mutex.prepare COUNT : 0
rocksdb.txn.overhead.mutex.old.commit.map COUNT : 0
rocksdb.txn.overhead.duplicate.key COUNT : 0
rocksdb.txn.overhead.mutex.snapshot COUNT : 0
rocksdb.number.multiget.keys.found COUNT : 0
rocksdb.num.iterator.created COUNT : 0
rocksdb.num.iterator.deleted COUNT : 0
rocksdb.db.get.micros P50 : 0.000000 P95 : 0.000000 P99 : 0.000000 P100 : 0.000000 COUNT : 0 SUM : 0
rocksdb.db.write.micros P50 : 0.000000 P95 : 0.000000 P99 : 0.000000 P100 : 0.000000 COUNT : 0 SUM : 0
rocksdb.compaction.times.micros P50 : 0.000000 P95 : 0.000000 P99 : 0.000000 P100 : 0.000000 COUNT : 0 SUM : 0
rocksdb.subcompaction.setup.times.micros P50 : 0.000000 P95 : 0.000000 P99 : 0.000000 P100 : 0.000000 COUNT : 0 SUM : 0
