2023/08/28-15:16:34.053518 4cf0 RocksDB version: 5.18.4
2023/08/28-15:16:34.053667 4cf0 Git sha rocksdb_build_git_sha:@b9a4a10659969c71e6f6eab4e4bae8c36ede919f@
2023/08/28-15:16:34.053703 4cf0 Compile date Mar 11 2020
2023/08/28-15:16:34.053724 4cf0 DB SUMMARY
2023/08/28-15:16:34.054299 4cf0 CURRENT file:  CURRENT
2023/08/28-15:16:34.054340 4cf0 IDENTITY file:  IDENTITY
2023/08/28-15:16:34.054673 4cf0 MANIFEST file:  MANIFEST-000024 size: 596 Bytes
2023/08/28-15:16:34.054718 4cf0 SST files in C:\ALL_Softwares\working_projects\platform-parent\nacos\data\protocol\raft\naming_service_metadata\log dir, Total Num: 10, files: 000006.sst 000008.sst 000011.sst 000013.sst 000015.sst 000017.sst 000019.sst 000021.sst 000023.sst 
2023/08/28-15:16:34.054740 4cf0 Write Ahead Log file in C:\ALL_Softwares\working_projects\platform-parent\nacos\data\protocol\raft\naming_service_metadata\log: 000026.log size: 1321 ; 
2023/08/28-15:16:34.054913 4cf0                         Options.error_if_exists: 0
2023/08/28-15:16:34.054924 4cf0                       Options.create_if_missing: 1
2023/08/28-15:16:34.054930 4cf0                         Options.paranoid_checks: 1
2023/08/28-15:16:34.054937 4cf0                                     Options.env: 0000022BF195A050
2023/08/28-15:16:34.054944 4cf0                                Options.info_log: 0000022BEF2C6F40
2023/08/28-15:16:34.054951 4cf0                Options.max_file_opening_threads: 16
2023/08/28-15:16:34.054958 4cf0                              Options.statistics: 0000022BEC1E7360
2023/08/28-15:16:34.054965 4cf0                               Options.use_fsync: 0
2023/08/28-15:16:34.054971 4cf0                       Options.max_log_file_size: 0
2023/08/28-15:16:34.054980 4cf0                  Options.max_manifest_file_size: 1073741824
2023/08/28-15:16:34.054988 4cf0                   Options.log_file_time_to_roll: 0
2023/08/28-15:16:34.054995 4cf0                       Options.keep_log_file_num: 1000
2023/08/28-15:16:34.055002 4cf0                    Options.recycle_log_file_num: 0
2023/08/28-15:16:34.055008 4cf0                         Options.allow_fallocate: 1
2023/08/28-15:16:34.055014 4cf0                        Options.allow_mmap_reads: 0
2023/08/28-15:16:34.055020 4cf0                       Options.allow_mmap_writes: 0
2023/08/28-15:16:34.055027 4cf0                        Options.use_direct_reads: 0
2023/08/28-15:16:34.055034 4cf0                        Options.use_direct_io_for_flush_and_compaction: 0
2023/08/28-15:16:34.055041 4cf0          Options.create_missing_column_families: 1
2023/08/28-15:16:34.055049 4cf0                              Options.db_log_dir: 
2023/08/28-15:16:34.055055 4cf0                                 Options.wal_dir: C:\ALL_Softwares\working_projects\platform-parent\nacos\data\protocol\raft\naming_service_metadata\log
2023/08/28-15:16:34.055063 4cf0                Options.table_cache_numshardbits: 6
2023/08/28-15:16:34.055070 4cf0                      Options.max_subcompactions: 1
2023/08/28-15:16:34.055077 4cf0                  Options.max_background_flushes: 1
2023/08/28-15:16:34.055084 4cf0                         Options.WAL_ttl_seconds: 0
2023/08/28-15:16:34.055091 4cf0                       Options.WAL_size_limit_MB: 0
2023/08/28-15:16:34.055098 4cf0             Options.manifest_preallocation_size: 4194304
2023/08/28-15:16:34.055105 4cf0                     Options.is_fd_close_on_exec: 1
2023/08/28-15:16:34.055112 4cf0                   Options.advise_random_on_open: 1
2023/08/28-15:16:34.055120 4cf0                    Options.db_write_buffer_size: 0
2023/08/28-15:16:34.055126 4cf0                    Options.write_buffer_manager: 0000022BF2D82570
2023/08/28-15:16:34.055133 4cf0         Options.access_hint_on_compaction_start: 1
2023/08/28-15:16:34.055140 4cf0  Options.new_table_reader_for_compaction_inputs: 0
2023/08/28-15:16:34.055146 4cf0           Options.random_access_max_buffer_size: 1048576
2023/08/28-15:16:34.055153 4cf0                      Options.use_adaptive_mutex: 0
2023/08/28-15:16:34.055159 4cf0                            Options.rate_limiter: 0000000000000000
2023/08/28-15:16:34.055217 4cf0     Options.sst_file_manager.rate_bytes_per_sec: 0
2023/08/28-15:16:34.055228 4cf0                       Options.wal_recovery_mode: 2
2023/08/28-15:16:34.055235 4cf0                  Options.enable_thread_tracking: 0
2023/08/28-15:16:34.055242 4cf0                  Options.enable_pipelined_write: 0
2023/08/28-15:16:34.055249 4cf0         Options.allow_concurrent_memtable_write: 1
2023/08/28-15:16:34.055256 4cf0      Options.enable_write_thread_adaptive_yield: 1
2023/08/28-15:16:34.055263 4cf0             Options.write_thread_max_yield_usec: 100
2023/08/28-15:16:34.055270 4cf0            Options.write_thread_slow_yield_usec: 3
2023/08/28-15:16:34.055277 4cf0                               Options.row_cache: None
2023/08/28-15:16:34.055284 4cf0                              Options.wal_filter: None
2023/08/28-15:16:34.055291 4cf0             Options.avoid_flush_during_recovery: 0
2023/08/28-15:16:34.055298 4cf0             Options.allow_ingest_behind: 0
2023/08/28-15:16:34.055305 4cf0             Options.preserve_deletes: 0
2023/08/28-15:16:34.055311 4cf0             Options.two_write_queues: 0
2023/08/28-15:16:34.055318 4cf0             Options.manual_wal_flush: 0
2023/08/28-15:16:34.055325 4cf0             Options.max_background_jobs: 2
2023/08/28-15:16:34.055332 4cf0             Options.max_background_compactions: 4
2023/08/28-15:16:34.055339 4cf0             Options.avoid_flush_during_shutdown: 0
2023/08/28-15:16:34.055346 4cf0           Options.writable_file_max_buffer_size: 1048576
2023/08/28-15:16:34.055353 4cf0             Options.delayed_write_rate : 16777216
2023/08/28-15:16:34.055360 4cf0             Options.max_total_wal_size: 0
2023/08/28-15:16:34.055367 4cf0             Options.delete_obsolete_files_period_micros: 21600000000
2023/08/28-15:16:34.055373 4cf0                   Options.stats_dump_period_sec: 600
2023/08/28-15:16:34.055380 4cf0                          Options.max_open_files: -1
2023/08/28-15:16:34.055388 4cf0                          Options.bytes_per_sync: 0
2023/08/28-15:16:34.055396 4cf0                      Options.wal_bytes_per_sync: 0
2023/08/28-15:16:34.055403 4cf0       Options.compaction_readahead_size: 0
2023/08/28-15:16:34.055410 4cf0 Compression algorithms supported:
2023/08/28-15:16:34.055418 4cf0 	kZSTD supported: 1
2023/08/28-15:16:34.055425 4cf0 	kSnappyCompression supported: 1
2023/08/28-15:16:34.055433 4cf0 	kBZip2Compression supported: 0
2023/08/28-15:16:34.055440 4cf0 	kZlibCompression supported: 1
2023/08/28-15:16:34.055447 4cf0 	kLZ4Compression supported: 1
2023/08/28-15:16:34.055454 4cf0 	kXpressCompression supported: 0
2023/08/28-15:16:34.055461 4cf0 	kLZ4HCCompression supported: 1
2023/08/28-15:16:34.055467 4cf0 	kZSTDNotFinalCompression supported: 1
2023/08/28-15:16:34.055588 4cf0 Fast CRC32 supported: Supported on x86
2023/08/28-15:16:34.068577 4cf0 [db\version_set.cc:3508] Recovering from manifest file: MANIFEST-000024
2023/08/28-15:16:34.078597 4cf0 [db\column_family.cc:474] --------------- Options for column family [default]:
2023/08/28-15:16:34.078625 4cf0               Options.comparator: leveldb.BytewiseComparator
2023/08/28-15:16:34.078632 4cf0           Options.merge_operator: StringAppendOperator
2023/08/28-15:16:34.078638 4cf0        Options.compaction_filter: None
2023/08/28-15:16:34.078644 4cf0        Options.compaction_filter_factory: None
2023/08/28-15:16:34.078650 4cf0         Options.memtable_factory: SkipListFactory
2023/08/28-15:16:34.078656 4cf0            Options.table_factory: BlockBasedTable
2023/08/28-15:16:34.078703 4cf0            table_factory options:   flush_block_policy_factory: FlushBlockBySizePolicyFactory (0000022B89B0E990)
  cache_index_and_filter_blocks: 0
  cache_index_and_filter_blocks_with_high_priority: 1
  pin_l0_filter_and_index_blocks_in_cache: 1
  pin_top_level_index_and_filter: 1
  index_type: 2
  hash_index_allow_collision: 1
  checksum: 1
  no_block_cache: 0
  block_cache: 0000022BEE4AAF70
  block_cache_name: LRUCache
  block_cache_options:
    capacity : 536870912
    num_shard_bits : 8
    strict_capacity_limit : 0
    memory_allocator : None
    high_pri_pool_ratio: 0.000
  block_cache_compressed: 0000000000000000
  persistent_cache: 0000000000000000
  block_size: 4096
  block_size_deviation: 10
  block_restart_interval: 16
  index_block_restart_interval: 1
  metadata_block_size: 8192
  partition_filters: 1
  use_delta_encoding: 1
  filter_policy: nullptr
  whole_key_filtering: 1
  verify_compression: 0
  read_amp_bytes_per_bit: 0
  format_version: 0
  enable_index_compression: 1
  block_align: 0
2023/08/28-15:16:34.078789 4cf0        Options.write_buffer_size: 67108864
2023/08/28-15:16:34.078799 4cf0  Options.max_write_buffer_number: 3
2023/08/28-15:16:34.078806 4cf0          Options.compression: Snappy
2023/08/28-15:16:34.078812 4cf0                  Options.bottommost_compression: Disabled
2023/08/28-15:16:34.078818 4cf0       Options.prefix_extractor: rocksdb.FixedPrefix.8
2023/08/28-15:16:34.078824 4cf0   Options.memtable_insert_with_hint_prefix_extractor: nullptr
2023/08/28-15:16:34.078830 4cf0             Options.num_levels: 7
2023/08/28-15:16:34.078835 4cf0        Options.min_write_buffer_number_to_merge: 1
2023/08/28-15:16:34.078841 4cf0     Options.max_write_buffer_number_to_maintain: 0
2023/08/28-15:16:34.078847 4cf0            Options.bottommost_compression_opts.window_bits: -14
2023/08/28-15:16:34.078853 4cf0                  Options.bottommost_compression_opts.level: 32767
2023/08/28-15:16:34.078859 4cf0               Options.bottommost_compression_opts.strategy: 0
2023/08/28-15:16:34.078865 4cf0         Options.bottommost_compression_opts.max_dict_bytes: 0
2023/08/28-15:16:34.078871 4cf0         Options.bottommost_compression_opts.zstd_max_train_bytes: 0
2023/08/28-15:16:34.078878 4cf0                  Options.bottommost_compression_opts.enabled: false
2023/08/28-15:16:34.078884 4cf0            Options.compression_opts.window_bits: -14
2023/08/28-15:16:34.078890 4cf0                  Options.compression_opts.level: 32767
2023/08/28-15:16:34.078896 4cf0               Options.compression_opts.strategy: 0
2023/08/28-15:16:34.078902 4cf0         Options.compression_opts.max_dict_bytes: 0
2023/08/28-15:16:34.078907 4cf0         Options.compression_opts.zstd_max_train_bytes: 0
2023/08/28-15:16:34.078913 4cf0                  Options.compression_opts.enabled: false
2023/08/28-15:16:34.078919 4cf0      Options.level0_file_num_compaction_trigger: 10
2023/08/28-15:16:34.078925 4cf0          Options.level0_slowdown_writes_trigger: 20
2023/08/28-15:16:34.078932 4cf0              Options.level0_stop_writes_trigger: 40
2023/08/28-15:16:34.078938 4cf0                   Options.target_file_size_base: 67108864
2023/08/28-15:16:34.078945 4cf0             Options.target_file_size_multiplier: 1
2023/08/28-15:16:34.078951 4cf0                Options.max_bytes_for_level_base: 536870912
2023/08/28-15:16:34.078957 4cf0 Options.level_compaction_dynamic_level_bytes: 0
2023/08/28-15:16:34.078963 4cf0          Options.max_bytes_for_level_multiplier: 10.000000
2023/08/28-15:16:34.078974 4cf0 Options.max_bytes_for_level_multiplier_addtl[0]: 1
2023/08/28-15:16:34.078981 4cf0 Options.max_bytes_for_level_multiplier_addtl[1]: 1
2023/08/28-15:16:34.078987 4cf0 Options.max_bytes_for_level_multiplier_addtl[2]: 1
2023/08/28-15:16:34.078994 4cf0 Options.max_bytes_for_level_multiplier_addtl[3]: 1
2023/08/28-15:16:34.079001 4cf0 Options.max_bytes_for_level_multiplier_addtl[4]: 1
2023/08/28-15:16:34.079007 4cf0 Options.max_bytes_for_level_multiplier_addtl[5]: 1
2023/08/28-15:16:34.079013 4cf0 Options.max_bytes_for_level_multiplier_addtl[6]: 1
2023/08/28-15:16:34.079019 4cf0       Options.max_sequential_skip_in_iterations: 8
2023/08/28-15:16:34.079026 4cf0                    Options.max_compaction_bytes: 1677721600
2023/08/28-15:16:34.079032 4cf0                        Options.arena_block_size: 8388608
2023/08/28-15:16:34.079038 4cf0   Options.soft_pending_compaction_bytes_limit: 68719476736
2023/08/28-15:16:34.079044 4cf0   Options.hard_pending_compaction_bytes_limit: 274877906944
2023/08/28-15:16:34.079051 4cf0       Options.rate_limit_delay_max_milliseconds: 100
2023/08/28-15:16:34.079064 4cf0                Options.disable_auto_compactions: 0
2023/08/28-15:16:34.079074 4cf0                        Options.compaction_style: kCompactionStyleLevel
2023/08/28-15:16:34.079083 4cf0                          Options.compaction_pri: kByCompensatedSize
2023/08/28-15:16:34.079091 4cf0 Options.compaction_options_universal.size_ratio: 1
2023/08/28-15:16:34.079098 4cf0 Options.compaction_options_universal.min_merge_width: 2
2023/08/28-15:16:34.079105 4cf0 Options.compaction_options_universal.max_merge_width: 4294967295
2023/08/28-15:16:34.079112 4cf0 Options.compaction_options_universal.max_size_amplification_percent: 200
2023/08/28-15:16:34.079118 4cf0 Options.compaction_options_universal.compression_size_percent: -1
2023/08/28-15:16:34.079125 4cf0 Options.compaction_options_universal.stop_style: kCompactionStopStyleTotalSize
2023/08/28-15:16:34.079132 4cf0 Options.compaction_options_fifo.max_table_files_size: 1073741824
2023/08/28-15:16:34.079138 4cf0 Options.compaction_options_fifo.allow_compaction: 0
2023/08/28-15:16:34.079144 4cf0 Options.compaction_options_fifo.ttl: 0
2023/08/28-15:16:34.079151 4cf0                   Options.table_properties_collectors: 
2023/08/28-15:16:34.079157 4cf0                   Options.inplace_update_support: 0
2023/08/28-15:16:34.079164 4cf0                 Options.inplace_update_num_locks: 10000
2023/08/28-15:16:34.079171 4cf0               Options.memtable_prefix_bloom_size_ratio: 0.125000
2023/08/28-15:16:34.079179 4cf0   Options.memtable_huge_page_size: 0
2023/08/28-15:16:34.079185 4cf0                           Options.bloom_locality: 0
2023/08/28-15:16:34.079191 4cf0                    Options.max_successive_merges: 0
2023/08/28-15:16:34.079197 4cf0                Options.optimize_filters_for_hits: 0
2023/08/28-15:16:34.079203 4cf0                Options.paranoid_file_checks: 0
2023/08/28-15:16:34.079209 4cf0                Options.force_consistency_checks: 1
2023/08/28-15:16:34.079215 4cf0                Options.report_bg_io_stats: 0
2023/08/28-15:16:34.079221 4cf0                               Options.ttl: 0
2023/08/28-15:16:34.082203 4cf0 [db\column_family.cc:474] --------------- Options for column family [Configuration]:
2023/08/28-15:16:34.082228 4cf0               Options.comparator: leveldb.BytewiseComparator
2023/08/28-15:16:34.082236 4cf0           Options.merge_operator: StringAppendOperator
2023/08/28-15:16:34.082242 4cf0        Options.compaction_filter: None
2023/08/28-15:16:34.082249 4cf0        Options.compaction_filter_factory: None
2023/08/28-15:16:34.082256 4cf0         Options.memtable_factory: SkipListFactory
2023/08/28-15:16:34.082264 4cf0            Options.table_factory: BlockBasedTable
2023/08/28-15:16:34.082301 4cf0            table_factory options:   flush_block_policy_factory: FlushBlockBySizePolicyFactory (0000022B89B0E990)
  cache_index_and_filter_blocks: 0
  cache_index_and_filter_blocks_with_high_priority: 1
  pin_l0_filter_and_index_blocks_in_cache: 1
  pin_top_level_index_and_filter: 1
  index_type: 2
  hash_index_allow_collision: 1
  checksum: 1
  no_block_cache: 0
  block_cache: 0000022BEE4AAF70
  block_cache_name: LRUCache
  block_cache_options:
    capacity : 536870912
    num_shard_bits : 8
    strict_capacity_limit : 0
    memory_allocator : None
    high_pri_pool_ratio: 0.000
  block_cache_compressed: 0000000000000000
  persistent_cache: 0000000000000000
  block_size: 4096
  block_size_deviation: 10
  block_restart_interval: 16
  index_block_restart_interval: 1
  metadata_block_size: 8192
  partition_filters: 1
  use_delta_encoding: 1
  filter_policy: nullptr
  whole_key_filtering: 1
  verify_compression: 0
  read_amp_bytes_per_bit: 0
  format_version: 0
  enable_index_compression: 1
  block_align: 0
2023/08/28-15:16:34.082309 4cf0        Options.write_buffer_size: 67108864
2023/08/28-15:16:34.082316 4cf0  Options.max_write_buffer_number: 3
2023/08/28-15:16:34.082323 4cf0          Options.compression: Snappy
2023/08/28-15:16:34.082329 4cf0                  Options.bottommost_compression: Disabled
2023/08/28-15:16:34.082415 4cf0       Options.prefix_extractor: rocksdb.FixedPrefix.8
2023/08/28-15:16:34.082426 4cf0   Options.memtable_insert_with_hint_prefix_extractor: nullptr
2023/08/28-15:16:34.082433 4cf0             Options.num_levels: 7
2023/08/28-15:16:34.082440 4cf0        Options.min_write_buffer_number_to_merge: 1
2023/08/28-15:16:34.082447 4cf0     Options.max_write_buffer_number_to_maintain: 0
2023/08/28-15:16:34.082453 4cf0            Options.bottommost_compression_opts.window_bits: -14
2023/08/28-15:16:34.082460 4cf0                  Options.bottommost_compression_opts.level: 32767
2023/08/28-15:16:34.082468 4cf0               Options.bottommost_compression_opts.strategy: 0
2023/08/28-15:16:34.082475 4cf0         Options.bottommost_compression_opts.max_dict_bytes: 0
2023/08/28-15:16:34.082482 4cf0         Options.bottommost_compression_opts.zstd_max_train_bytes: 0
2023/08/28-15:16:34.082489 4cf0                  Options.bottommost_compression_opts.enabled: false
2023/08/28-15:16:34.082495 4cf0            Options.compression_opts.window_bits: -14
2023/08/28-15:16:34.082502 4cf0                  Options.compression_opts.level: 32767
2023/08/28-15:16:34.082509 4cf0               Options.compression_opts.strategy: 0
2023/08/28-15:16:34.082515 4cf0         Options.compression_opts.max_dict_bytes: 0
2023/08/28-15:16:34.082522 4cf0         Options.compression_opts.zstd_max_train_bytes: 0
2023/08/28-15:16:34.082529 4cf0                  Options.compression_opts.enabled: false
2023/08/28-15:16:34.082536 4cf0      Options.level0_file_num_compaction_trigger: 10
2023/08/28-15:16:34.082543 4cf0          Options.level0_slowdown_writes_trigger: 20
2023/08/28-15:16:34.082550 4cf0              Options.level0_stop_writes_trigger: 40
2023/08/28-15:16:34.082556 4cf0                   Options.target_file_size_base: 67108864
2023/08/28-15:16:34.082563 4cf0             Options.target_file_size_multiplier: 1
2023/08/28-15:16:34.082570 4cf0                Options.max_bytes_for_level_base: 536870912
2023/08/28-15:16:34.082576 4cf0 Options.level_compaction_dynamic_level_bytes: 0
2023/08/28-15:16:34.082583 4cf0          Options.max_bytes_for_level_multiplier: 10.000000
2023/08/28-15:16:34.082593 4cf0 Options.max_bytes_for_level_multiplier_addtl[0]: 1
2023/08/28-15:16:34.082600 4cf0 Options.max_bytes_for_level_multiplier_addtl[1]: 1
2023/08/28-15:16:34.082607 4cf0 Options.max_bytes_for_level_multiplier_addtl[2]: 1
2023/08/28-15:16:34.082613 4cf0 Options.max_bytes_for_level_multiplier_addtl[3]: 1
2023/08/28-15:16:34.082619 4cf0 Options.max_bytes_for_level_multiplier_addtl[4]: 1
2023/08/28-15:16:34.082626 4cf0 Options.max_bytes_for_level_multiplier_addtl[5]: 1
2023/08/28-15:16:34.082632 4cf0 Options.max_bytes_for_level_multiplier_addtl[6]: 1
2023/08/28-15:16:34.082638 4cf0       Options.max_sequential_skip_in_iterations: 8
2023/08/28-15:16:34.082645 4cf0                    Options.max_compaction_bytes: 1677721600
2023/08/28-15:16:34.082651 4cf0                        Options.arena_block_size: 8388608
2023/08/28-15:16:34.082658 4cf0   Options.soft_pending_compaction_bytes_limit: 68719476736
2023/08/28-15:16:34.082664 4cf0   Options.hard_pending_compaction_bytes_limit: 274877906944
2023/08/28-15:16:34.082670 4cf0       Options.rate_limit_delay_max_milliseconds: 100
2023/08/28-15:16:34.082677 4cf0                Options.disable_auto_compactions: 0
2023/08/28-15:16:34.082686 4cf0                        Options.compaction_style: kCompactionStyleLevel
2023/08/28-15:16:34.082693 4cf0                          Options.compaction_pri: kByCompensatedSize
2023/08/28-15:16:34.082698 4cf0 Options.compaction_options_universal.size_ratio: 1
2023/08/28-15:16:34.082714 4cf0 Options.compaction_options_universal.min_merge_width: 2
2023/08/28-15:16:34.082725 4cf0 Options.compaction_options_universal.max_merge_width: 4294967295
2023/08/28-15:16:34.082732 4cf0 Options.compaction_options_universal.max_size_amplification_percent: 200
2023/08/28-15:16:34.082739 4cf0 Options.compaction_options_universal.compression_size_percent: -1
2023/08/28-15:16:34.082751 4cf0 Options.compaction_options_universal.stop_style: kCompactionStopStyleTotalSize
2023/08/28-15:16:34.082759 4cf0 Options.compaction_options_fifo.max_table_files_size: 1073741824
2023/08/28-15:16:34.082770 4cf0 Options.compaction_options_fifo.allow_compaction: 0
2023/08/28-15:16:34.082777 4cf0 Options.compaction_options_fifo.ttl: 0
2023/08/28-15:16:34.082783 4cf0                   Options.table_properties_collectors: 
2023/08/28-15:16:34.082789 4cf0                   Options.inplace_update_support: 0
2023/08/28-15:16:34.082795 4cf0                 Options.inplace_update_num_locks: 10000
2023/08/28-15:16:34.082802 4cf0               Options.memtable_prefix_bloom_size_ratio: 0.125000
2023/08/28-15:16:34.082810 4cf0   Options.memtable_huge_page_size: 0
2023/08/28-15:16:34.082816 4cf0                           Options.bloom_locality: 0
2023/08/28-15:16:34.082822 4cf0                    Options.max_successive_merges: 0
2023/08/28-15:16:34.082829 4cf0                Options.optimize_filters_for_hits: 0
2023/08/28-15:16:34.082835 4cf0                Options.paranoid_file_checks: 0
2023/08/28-15:16:34.082841 4cf0                Options.force_consistency_checks: 1
2023/08/28-15:16:34.082847 4cf0                Options.report_bg_io_stats: 0
2023/08/28-15:16:34.082853 4cf0                               Options.ttl: 0
2023/08/28-15:16:34.112960 4cf0 [db\version_set.cc:3724] Recovered from manifest file:C:\ALL_Softwares\working_projects\platform-parent\nacos\data\protocol\raft\naming_service_metadata\log/MANIFEST-000024 succeeded,manifest_file_number is 24, next_file_number is 27, last_sequence is 52, log_number is 0,prev_log_number is 0,max_column_family is 1,min_log_number_to_keep is 0
2023/08/28-15:16:34.113047 4cf0 [db\version_set.cc:3732] Column family [default] (ID 0), log number is 23
2023/08/28-15:16:34.113080 4cf0 [db\version_set.cc:3732] Column family [Configuration] (ID 1), log number is 23
2023/08/28-15:16:34.114202 4cf0 EVENT_LOG_v1 {"time_micros": 1693206994114186, "job": 1, "event": "recovery_started", "log_files": [26]}
2023/08/28-15:16:34.114225 4cf0 [db\db_impl_open.cc:578] Recovering log #26 mode 2
2023/08/28-15:16:34.130915 4cf0 EVENT_LOG_v1 {"time_micros": 1693206994130872, "cf_name": "default", "job": 1, "event": "table_file_creation", "file_number": 27, "file_size": 778, "table_properties": {"data_size": 0, "index_size": 13, "filter_size": 0, "raw_key_size": 48, "raw_average_key_size": 0, "raw_value_size": 24, "raw_average_value_size": 0, "num_data_blocks": 0, "num_entries": 0, "filter_policy_name": ""}}
2023/08/28-15:16:34.135459 4cf0 [db\version_set.cc:3037] Creating manifest 28
2023/08/28-15:16:34.161133 4cf0 EVENT_LOG_v1 {"time_micros": 1693206994161085, "cf_name": "Configuration", "job": 1, "event": "table_file_creation", "file_number": 29, "file_size": 908, "table_properties": {"data_size": 44, "index_size": 49, "filter_size": 0, "raw_key_size": 74, "raw_average_key_size": 74, "raw_value_size": 32, "raw_average_value_size": 32, "num_data_blocks": 1, "num_entries": 1, "filter_policy_name": ""}}
2023/08/28-15:16:34.171359 4cf0 EVENT_LOG_v1 {"time_micros": 1693206994171339, "job": 1, "event": "recovery_finished"}
2023/08/28-15:16:34.201243 4cf0 [db\db_impl_open.cc:1314] DB pointer 0000022BEC664020
2023/08/28-15:16:34.202307 5ca8 [WARN] [db\db_impl.cc:669] ------- DUMPING STATS -------
2023/08/28-15:16:34.202358 5ca8 [WARN] [db\db_impl.cc:670] 
** DB Stats **
Uptime(secs): 0.1 total, 0.1 interval
Cumulative writes: 0 writes, 0 keys, 0 commit groups, 0.0 writes per commit group, ingest: 0.00 GB, 0.00 MB/s
Cumulative WAL: 0 writes, 0 syncs, 0.00 writes per sync, written: 0.00 GB, 0.00 MB/s
Cumulative stall: 00:00:0.000 H:M:S, 0.0 percent
Interval writes: 0 writes, 0 keys, 0 commit groups, 0.0 writes per commit group, ingest: 0.00 MB, 0.00 MB/s
Interval WAL: 0 writes, 0 syncs, 0.00 writes per sync, written: 0.00 MB, 0.00 MB/s
Interval stall: 00:00:0.000 H:M:S, 0.0 percent

** Compaction Stats [default] **
Level    Files   Size     Score Read(GB)  Rn(GB) Rnp1(GB) Write(GB) Wnew(GB) Moved(GB) W-Amp Rd(MB/s) Wr(MB/s) Comp(sec) Comp(cnt) Avg(sec) KeyIn KeyDrop
----------------------------------------------------------------------------------------------------------------------------------------------------------
  L0      6/0    4.77 KB   0.6      0.0     0.0      0.0       0.0      0.0       0.0   1.0      0.0      0.0         0         1    0.015       0      0
 Sum      6/0    4.77 KB   0.0      0.0     0.0      0.0       0.0      0.0       0.0   1.0      0.0      0.0         0         1    0.015       0      0
 Int      0/0    0.00 KB   0.0      0.0     0.0      0.0       0.0      0.0       0.0   1.0      0.0      0.0         0         1    0.015       0      0
Uptime(secs): 0.1 total, 0.1 interval
Flush(GB): cumulative 0.000, interval 0.000
AddFile(GB): cumulative 0.000, interval 0.000
AddFile(Total Files): cumulative 0, interval 0
AddFile(L0 Files): cumulative 0, interval 0
AddFile(Keys): cumulative 0, interval 0
Cumulative compaction: 0.00 GB write, 0.01 MB/s write, 0.00 GB read, 0.00 MB/s read, 0.0 seconds
Interval compaction: 0.00 GB write, 0.01 MB/s write, 0.00 GB read, 0.00 MB/s read, 0.0 seconds
Stalls(count): 0 level0_slowdown, 0 level0_slowdown_with_compaction, 0 level0_numfiles, 0 level0_numfiles_with_compaction, 0 stop for pending_compaction_bytes, 0 slowdown for pending_compaction_bytes, 0 memtable_compaction, 0 memtable_slowdown, interval 0 total count

** File Read Latency Histogram By Level [default] **
** Level 0 read latency histogram (micros):
Count: 33 Average: 11.6364  StdDev: 15.05
Min: 3  Median: 4.5000  Max: 55
Percentiles: P50: 4.50 P75: 7.00 P99: 55.00 P99.9: 55.00 P99.99: 55.00
------------------------------------------------------
(       2,       3 ]        1   3.030%   3.030% #
(       3,       4 ]       13  39.394%  42.424% ########
(       4,       6 ]       10  30.303%  72.727% ######
(       6,      10 ]        3   9.091%  81.818% ##
(      22,      34 ]        2   6.061%  87.879% #
(      34,      51 ]        2   6.061%  93.939% #
(      51,      76 ]        2   6.061% 100.000% #


** Compaction Stats [Configuration] **
Level    Files   Size     Score Read(GB)  Rn(GB) Rnp1(GB) Write(GB) Wnew(GB) Moved(GB) W-Amp Rd(MB/s) Wr(MB/s) Comp(sec) Comp(cnt) Avg(sec) KeyIn KeyDrop
----------------------------------------------------------------------------------------------------------------------------------------------------------
  L0      6/0    5.25 KB   0.6      0.0     0.0      0.0       0.0      0.0       0.0   1.0      0.0      0.1         0         1    0.014       0      0
 Sum      6/0    5.25 KB   0.0      0.0     0.0      0.0       0.0      0.0       0.0   1.0      0.0      0.1         0         1    0.014       0      0
 Int      0/0    0.00 KB   0.0      0.0     0.0      0.0       0.0      0.0       0.0   1.0      0.0      0.1         0         1    0.014       0      0
Uptime(secs): 0.1 total, 0.1 interval
Flush(GB): cumulative 0.000, interval 0.000
AddFile(GB): cumulative 0.000, interval 0.000
AddFile(Total Files): cumulative 0, interval 0
AddFile(L0 Files): cumulative 0, interval 0
AddFile(Keys): cumulative 0, interval 0
Cumulative compaction: 0.00 GB write, 0.01 MB/s write, 0.00 GB read, 0.00 MB/s read, 0.0 seconds
Interval compaction: 0.00 GB write, 0.01 MB/s write, 0.00 GB read, 0.00 MB/s read, 0.0 seconds
Stalls(count): 0 level0_slowdown, 0 level0_slowdown_with_compaction, 0 level0_numfiles, 0 level0_numfiles_with_compaction, 0 stop for pending_compaction_bytes, 0 slowdown for pending_compaction_bytes, 0 memtable_compaction, 0 memtable_slowdown, interval 0 total count

** File Read Latency Histogram By Level [Configuration] **
** Level 0 read latency histogram (micros):
Count: 42 Average: 11.5476  StdDev: 13.54
Min: 2  Median: 6.0000  Max: 61
Percentiles: P50: 6.00 P75: 9.50 P99: 61.00 P99.9: 61.00 P99.99: 61.00
------------------------------------------------------
(       1,       2 ]        1   2.381%   2.381% 
(       2,       3 ]        2   4.762%   7.143% #
(       3,       4 ]        7  16.667%  23.810% ###
(       4,       6 ]       11  26.190%  50.000% #####
(       6,      10 ]       12  28.571%  78.571% ######
(      10,      15 ]        2   4.762%  83.333% #
(      15,      22 ]        1   2.381%  85.714% 
(      22,      34 ]        2   4.762%  90.476% #
(      34,      51 ]        2   4.762%  95.238% #
(      51,      76 ]        2   4.762% 100.000% #


** Compaction Stats [default] **
Level    Files   Size     Score Read(GB)  Rn(GB) Rnp1(GB) Write(GB) Wnew(GB) Moved(GB) W-Amp Rd(MB/s) Wr(MB/s) Comp(sec) Comp(cnt) Avg(sec) KeyIn KeyDrop
----------------------------------------------------------------------------------------------------------------------------------------------------------
  L0      6/0    4.77 KB   0.6      0.0     0.0      0.0       0.0      0.0       0.0   1.0      0.0      0.0         0         1    0.015       0      0
 Sum      6/0    4.77 KB   0.0      0.0     0.0      0.0       0.0      0.0       0.0   1.0      0.0      0.0         0         1    0.015       0      0
 Int      0/0    0.00 KB   0.0      0.0     0.0      0.0       0.0      0.0       0.0   0.0      0.0      0.0         0         0    0.000       0      0
Uptime(secs): 0.1 total, 0.0 interval
Flush(GB): cumulative 0.000, interval 0.000
AddFile(GB): cumulative 0.000, interval 0.000
AddFile(Total Files): cumulative 0, interval 0
AddFile(L0 Files): cumulative 0, interval 0
AddFile(Keys): cumulative 0, interval 0
Cumulative compaction: 0.00 GB write, 0.01 MB/s write, 0.00 GB read, 0.00 MB/s read, 0.0 seconds
Interval compaction: 0.00 GB write, 0.00 MB/s write, 0.00 GB read, 0.00 MB/s read, 0.0 seconds
Stalls(count): 0 level0_slowdown, 0 level0_slowdown_with_compaction, 0 level0_numfiles, 0 level0_numfiles_with_compaction, 0 stop for pending_compaction_bytes, 0 slowdown for pending_compaction_bytes, 0 memtable_compaction, 0 memtable_slowdown, interval 0 total count

** File Read Latency Histogram By Level [default] **
** Level 0 read latency histogram (micros):
Count: 33 Average: 11.6364  StdDev: 15.05
Min: 3  Median: 4.5000  Max: 55
Percentiles: P50: 4.50 P75: 7.00 P99: 55.00 P99.9: 55.00 P99.99: 55.00
------------------------------------------------------
(       2,       3 ]        1   3.030%   3.030% #
(       3,       4 ]       13  39.394%  42.424% ########
(       4,       6 ]       10  30.303%  72.727% ######
(       6,      10 ]        3   9.091%  81.818% ##
(      22,      34 ]        2   6.061%  87.879% #
(      34,      51 ]        2   6.061%  93.939% #
(      51,      76 ]        2   6.061% 100.000% #


** Compaction Stats [Configuration] **
Level    Files   Size     Score Read(GB)  Rn(GB) Rnp1(GB) Write(GB) Wnew(GB) Moved(GB) W-Amp Rd(MB/s) Wr(MB/s) Comp(sec) Comp(cnt) Avg(sec) KeyIn KeyDrop
----------------------------------------------------------------------------------------------------------------------------------------------------------
  L0      6/0    5.25 KB   0.6      0.0     0.0      0.0       0.0      0.0       0.0   1.0      0.0      0.1         0         1    0.014       0      0
 Sum      6/0    5.25 KB   0.0      0.0     0.0      0.0       0.0      0.0       0.0   1.0      0.0      0.1         0         1    0.014       0      0
 Int      0/0    0.00 KB   0.0      0.0     0.0      0.0       0.0      0.0       0.0   0.0      0.0      0.0         0         0    0.000       0      0
Uptime(secs): 0.1 total, 0.0 interval
Flush(GB): cumulative 0.000, interval 0.000
AddFile(GB): cumulative 0.000, interval 0.000
AddFile(Total Files): cumulative 0, interval 0
AddFile(L0 Files): cumulative 0, interval 0
AddFile(Keys): cumulative 0, interval 0
Cumulative compaction: 0.00 GB write, 0.01 MB/s write, 0.00 GB read, 0.00 MB/s read, 0.0 seconds
Interval compaction: 0.00 GB write, 0.00 MB/s write, 0.00 GB read, 0.00 MB/s read, 0.0 seconds
Stalls(count): 0 level0_slowdown, 0 level0_slowdown_with_compaction, 0 level0_numfiles, 0 level0_numfiles_with_compaction, 0 stop for pending_compaction_bytes, 0 slowdown for pending_compaction_bytes, 0 memtable_compaction, 0 memtable_slowdown, interval 0 total count

** File Read Latency Histogram By Level [Configuration] **
** Level 0 read latency histogram (micros):
Count: 42 Average: 11.5476  StdDev: 13.54
Min: 2  Median: 6.0000  Max: 61
Percentiles: P50: 6.00 P75: 9.50 P99: 61.00 P99.9: 61.00 P99.99: 61.00
------------------------------------------------------
(       1,       2 ]        1   2.381%   2.381% 
(       2,       3 ]        2   4.762%   7.143% #
(       3,       4 ]        7  16.667%  23.810% ###
(       4,       6 ]       11  26.190%  50.000% #####
(       6,      10 ]       12  28.571%  78.571% ######
(      10,      15 ]        2   4.762%  83.333% #
(      15,      22 ]        1   2.381%  85.714% 
(      22,      34 ]        2   4.762%  90.476% #
(      34,      51 ]        2   4.762%  95.238% #
(      51,      76 ]        2   4.762% 100.000% #

2023/08/28-15:16:34.203082 5ca8 [WARN] [db\db_impl.cc:617] STATISTICS:
 rocksdb.block.cache.miss COUNT : 30
rocksdb.block.cache.hit COUNT : 9
rocksdb.block.cache.add COUNT : 30
rocksdb.block.cache.add.failures COUNT : 0
rocksdb.block.cache.index.miss COUNT : 9
rocksdb.block.cache.index.hit COUNT : 9
rocksdb.block.cache.index.add COUNT : 9
rocksdb.block.cache.index.bytes.insert COUNT : 918
rocksdb.block.cache.index.bytes.evict COUNT : 0
rocksdb.block.cache.filter.miss COUNT : 0
rocksdb.block.cache.filter.hit COUNT : 0
rocksdb.block.cache.filter.add COUNT : 0
rocksdb.block.cache.filter.bytes.insert COUNT : 0
rocksdb.block.cache.filter.bytes.evict COUNT : 0
rocksdb.block.cache.data.miss COUNT : 21
rocksdb.block.cache.data.hit COUNT : 0
rocksdb.block.cache.data.add COUNT : 21
rocksdb.block.cache.data.bytes.insert COUNT : 2985
rocksdb.block.cache.bytes.read COUNT : 918
rocksdb.block.cache.bytes.write COUNT : 3903
rocksdb.bloom.filter.useful COUNT : 0
rocksdb.bloom.filter.full.positive COUNT : 0
rocksdb.bloom.filter.full.true.positive COUNT : 0
rocksdb.persistent.cache.hit COUNT : 0
rocksdb.persistent.cache.miss COUNT : 0
rocksdb.sim.block.cache.hit COUNT : 0
rocksdb.sim.block.cache.miss COUNT : 0
rocksdb.memtable.hit COUNT : 0
rocksdb.memtable.miss COUNT : 0
rocksdb.l0.hit COUNT : 0
rocksdb.l1.hit COUNT : 0
rocksdb.l2andup.hit COUNT : 0
rocksdb.compaction.key.drop.new COUNT : 0
rocksdb.compaction.key.drop.obsolete COUNT : 0
rocksdb.compaction.key.drop.range_del COUNT : 0
rocksdb.compaction.key.drop.user COUNT : 0
rocksdb.compaction.range_del.drop.obsolete COUNT : 0
rocksdb.compaction.optimized.del.drop.obsolete COUNT : 0
rocksdb.compaction.cancelled COUNT : 0
rocksdb.number.keys.written COUNT : 0
rocksdb.number.keys.read COUNT : 0
rocksdb.number.keys.updated COUNT : 0
rocksdb.bytes.written COUNT : 0
rocksdb.bytes.read COUNT : 0
rocksdb.number.db.seek COUNT : 2
rocksdb.number.db.next COUNT : 1
rocksdb.number.db.prev COUNT : 0
rocksdb.number.db.seek.found COUNT : 1
rocksdb.number.db.next.found COUNT : 0
rocksdb.number.db.prev.found COUNT : 0
rocksdb.db.iter.bytes.read COUNT : 26
rocksdb.no.file.closes COUNT : 0
rocksdb.no.file.opens COUNT : 12
rocksdb.no.file.errors COUNT : 0
rocksdb.l0.slowdown.micros COUNT : 0
rocksdb.memtable.compaction.micros COUNT : 0
rocksdb.l0.num.files.stall.micros COUNT : 0
rocksdb.stall.micros COUNT : 0
rocksdb.db.mutex.wait.micros COUNT : 0
rocksdb.rate.limit.delay.millis COUNT : 0
rocksdb.num.iterators COUNT : 0
rocksdb.number.multiget.get COUNT : 0
rocksdb.number.multiget.keys.read COUNT : 0
rocksdb.number.multiget.bytes.read COUNT : 0
rocksdb.number.deletes.filtered COUNT : 0
rocksdb.number.merge.failures COUNT : 0
rocksdb.bloom.filter.prefix.checked COUNT : 0
rocksdb.bloom.filter.prefix.useful COUNT : 0
rocksdb.number.reseeks.iteration COUNT : 0
rocksdb.getupdatessince.calls COUNT : 0
rocksdb.block.cachecompressed.miss COUNT : 0
rocksdb.block.cachecompressed.hit COUNT : 0
rocksdb.block.cachecompressed.add COUNT : 0
rocksdb.block.cachecompressed.add.failures COUNT : 0
rocksdb.wal.synced COUNT : 0
rocksdb.wal.bytes COUNT : 0
rocksdb.write.self COUNT : 0
rocksdb.write.other COUNT : 0
rocksdb.write.timeout COUNT : 0
rocksdb.write.wal COUNT : 0
rocksdb.compact.read.bytes COUNT : 0
rocksdb.compact.write.bytes COUNT : 1686
rocksdb.flush.write.bytes COUNT : 0
rocksdb.number.direct.load.table.properties COUNT : 0
rocksdb.number.superversion_acquires COUNT : 2
rocksdb.number.superversion_releases COUNT : 0
rocksdb.number.superversion_cleanups COUNT : 0
rocksdb.number.block.compressed COUNT : 1
rocksdb.number.block.decompressed COUNT : 3
rocksdb.number.block.not_compressed COUNT : 0
rocksdb.merge.operation.time.nanos COUNT : 0
rocksdb.filter.operation.time.nanos COUNT : 0
rocksdb.row.cache.hit COUNT : 0
rocksdb.row.cache.miss COUNT : 0
rocksdb.read.amp.estimate.useful.bytes COUNT : 0
rocksdb.read.amp.total.read.bytes COUNT : 0
rocksdb.number.rate_limiter.drains COUNT : 0
rocksdb.number.iter.skip COUNT : 10
rocksdb.blobdb.num.put COUNT : 0
rocksdb.blobdb.num.write COUNT : 0
rocksdb.blobdb.num.get COUNT : 0
rocksdb.blobdb.num.multiget COUNT : 0
rocksdb.blobdb.num.seek COUNT : 0
rocksdb.blobdb.num.next COUNT : 0
rocksdb.blobdb.num.prev COUNT : 0
rocksdb.blobdb.num.keys.written COUNT : 0
rocksdb.blobdb.num.keys.read COUNT : 0
rocksdb.blobdb.bytes.written COUNT : 0
rocksdb.blobdb.bytes.read COUNT : 0
rocksdb.blobdb.write.inlined COUNT : 0
rocksdb.blobdb.write.inlined.ttl COUNT : 0
rocksdb.blobdb.write.blob COUNT : 0
rocksdb.blobdb.write.blob.ttl COUNT : 0
rocksdb.blobdb.blob.file.bytes.written COUNT : 0
rocksdb.blobdb.blob.file.bytes.read COUNT : 0
rocksdb.blobdb.blob.file.synced COUNT : 0
rocksdb.blobdb.blob.index.expired.count COUNT : 0
rocksdb.blobdb.blob.index.expired.size COUNT : 0
rocksdb.blobdb.blob.index.evicted.count COUNT : 0
rocksdb.blobdb.blob.index.evicted.size COUNT : 0
rocksdb.blobdb.gc.num.files COUNT : 0
rocksdb.blobdb.gc.num.new.files COUNT : 0
rocksdb.blobdb.gc.failures COUNT : 0
rocksdb.blobdb.gc.num.keys.overwritten COUNT : 0
rocksdb.blobdb.gc.num.keys.expired COUNT : 0
rocksdb.blobdb.gc.num.keys.relocated COUNT : 0
rocksdb.blobdb.gc.bytes.overwritten COUNT : 0
rocksdb.blobdb.gc.bytes.expired COUNT : 0
rocksdb.blobdb.gc.bytes.relocated COUNT : 0
rocksdb.blobdb.fifo.num.files.evicted COUNT : 0
rocksdb.blobdb.fifo.num.keys.evicted COUNT : 0
rocksdb.blobdb.fifo.bytes.evicted COUNT : 0
rocksdb.txn.overhead.mutex.prepare COUNT : 0
rocksdb.txn.overhead.mutex.old.commit.map COUNT : 0
rocksdb.txn.overhead.duplicate.key COUNT : 0
rocksdb.txn.overhead.mutex.snapshot COUNT : 0
rocksdb.number.multiget.keys.found COUNT : 0
rocksdb.num.iterator.created COUNT : 2
rocksdb.num.iterator.deleted COUNT : 2
rocksdb.db.get.micros P50 : 0.000000 P95 : 0.000000 P99 : 0.000000 P100 : 0.000000 COUNT : 0 SUM : 0
rocksdb.db.write.micros P50 : 0.000000 P95 : 0.000000 P99 : 0.000000 P100 : 0.000000 COUNT : 0 SUM : 0
rocksdb.compaction.times.micros P50 : 0.000000 P95 : 0.000000 P99 : 0.000000 P100 : 0.000000 COUNT : 0 SUM : 0
rocksdb.subcompaction.setup.times.micros P50 : 0.000000 P95 : 0.000000 P99 : 0.000000 P100 : 0.000000 COUNT : 0 SUM : 0
rocksdb.table.sync.micros P50 : 2609.000000 P95 : 2670.000000 P99 : 2670.000000 P100 : 2670.000000 COUNT : 2 SUM : 5279
rocksdb.compaction.outfile.sync.micros P50 : 0.000000 P95 : 0.000000 P99 : 0.000000 P100 : 0.000000 COUNT : 0 SUM : 0
