2023/08/28-15:16:33.859497 4cf0 RocksDB version: 5.18.4
2023/08/28-15:16:33.859622 4cf0 Git sha rocksdb_build_git_sha:@b9a4a10659969c71e6f6eab4e4bae8c36ede919f@
2023/08/28-15:16:33.859646 4cf0 Compile date Mar 11 2020
2023/08/28-15:16:33.859660 4cf0 DB SUMMARY
2023/08/28-15:16:33.860399 4cf0 CURRENT file:  CURRENT
2023/08/28-15:16:33.860430 4cf0 IDENTITY file:  IDENTITY
2023/08/28-15:16:33.860863 4cf0 MANIFEST file:  MANIFEST-000024 size: 596 Bytes
2023/08/28-15:16:33.860887 4cf0 SST files in C:\ALL_Softwares\working_projects\platform-parent\nacos\data\protocol\raft\naming_instance_metadata\log dir, Total Num: 10, files: 000006.sst 000008.sst 000011.sst 000013.sst 000015.sst 000017.sst 000019.sst 000021.sst 000023.sst 
2023/08/28-15:16:33.860901 4cf0 Write Ahead Log file in C:\ALL_Softwares\working_projects\platform-parent\nacos\data\protocol\raft\naming_instance_metadata\log: 000026.log size: 1321 ; 
2023/08/28-15:16:33.861028 4cf0                         Options.error_if_exists: 0
2023/08/28-15:16:33.861036 4cf0                       Options.create_if_missing: 1
2023/08/28-15:16:33.861040 4cf0                         Options.paranoid_checks: 1
2023/08/28-15:16:33.861044 4cf0                                     Options.env: 0000022BF195A050
2023/08/28-15:16:33.861049 4cf0                                Options.info_log: 0000022BF0E582C0
2023/08/28-15:16:33.861053 4cf0                Options.max_file_opening_threads: 16
2023/08/28-15:16:33.861057 4cf0                              Options.statistics: 0000022BA69431D0
2023/08/28-15:16:33.861061 4cf0                               Options.use_fsync: 0
2023/08/28-15:16:33.861065 4cf0                       Options.max_log_file_size: 0
2023/08/28-15:16:33.861069 4cf0                  Options.max_manifest_file_size: 1073741824
2023/08/28-15:16:33.861073 4cf0                   Options.log_file_time_to_roll: 0
2023/08/28-15:16:33.861077 4cf0                       Options.keep_log_file_num: 1000
2023/08/28-15:16:33.861081 4cf0                    Options.recycle_log_file_num: 0
2023/08/28-15:16:33.861085 4cf0                         Options.allow_fallocate: 1
2023/08/28-15:16:33.861089 4cf0                        Options.allow_mmap_reads: 0
2023/08/28-15:16:33.861093 4cf0                       Options.allow_mmap_writes: 0
2023/08/28-15:16:33.861097 4cf0                        Options.use_direct_reads: 0
2023/08/28-15:16:33.861101 4cf0                        Options.use_direct_io_for_flush_and_compaction: 0
2023/08/28-15:16:33.861105 4cf0          Options.create_missing_column_families: 1
2023/08/28-15:16:33.861110 4cf0                              Options.db_log_dir: 
2023/08/28-15:16:33.861114 4cf0                                 Options.wal_dir: C:\ALL_Softwares\working_projects\platform-parent\nacos\data\protocol\raft\naming_instance_metadata\log
2023/08/28-15:16:33.861118 4cf0                Options.table_cache_numshardbits: 6
2023/08/28-15:16:33.861122 4cf0                      Options.max_subcompactions: 1
2023/08/28-15:16:33.861126 4cf0                  Options.max_background_flushes: 1
2023/08/28-15:16:33.861130 4cf0                         Options.WAL_ttl_seconds: 0
2023/08/28-15:16:33.861134 4cf0                       Options.WAL_size_limit_MB: 0
2023/08/28-15:16:33.861138 4cf0             Options.manifest_preallocation_size: 4194304
2023/08/28-15:16:33.861142 4cf0                     Options.is_fd_close_on_exec: 1
2023/08/28-15:16:33.861146 4cf0                   Options.advise_random_on_open: 1
2023/08/28-15:16:33.861150 4cf0                    Options.db_write_buffer_size: 0
2023/08/28-15:16:33.861154 4cf0                    Options.write_buffer_manager: 0000022BF1ABE010
2023/08/28-15:16:33.861158 4cf0         Options.access_hint_on_compaction_start: 1
2023/08/28-15:16:33.861163 4cf0  Options.new_table_reader_for_compaction_inputs: 0
2023/08/28-15:16:33.861167 4cf0           Options.random_access_max_buffer_size: 1048576
2023/08/28-15:16:33.861171 4cf0                      Options.use_adaptive_mutex: 0
2023/08/28-15:16:33.861175 4cf0                            Options.rate_limiter: 0000000000000000
2023/08/28-15:16:33.861210 4cf0     Options.sst_file_manager.rate_bytes_per_sec: 0
2023/08/28-15:16:33.861216 4cf0                       Options.wal_recovery_mode: 2
2023/08/28-15:16:33.861220 4cf0                  Options.enable_thread_tracking: 0
2023/08/28-15:16:33.861224 4cf0                  Options.enable_pipelined_write: 0
2023/08/28-15:16:33.861229 4cf0         Options.allow_concurrent_memtable_write: 1
2023/08/28-15:16:33.861233 4cf0      Options.enable_write_thread_adaptive_yield: 1
2023/08/28-15:16:33.861237 4cf0             Options.write_thread_max_yield_usec: 100
2023/08/28-15:16:33.861241 4cf0            Options.write_thread_slow_yield_usec: 3
2023/08/28-15:16:33.861245 4cf0                               Options.row_cache: None
2023/08/28-15:16:33.861249 4cf0                              Options.wal_filter: None
2023/08/28-15:16:33.861253 4cf0             Options.avoid_flush_during_recovery: 0
2023/08/28-15:16:33.861257 4cf0             Options.allow_ingest_behind: 0
2023/08/28-15:16:33.861261 4cf0             Options.preserve_deletes: 0
2023/08/28-15:16:33.861265 4cf0             Options.two_write_queues: 0
2023/08/28-15:16:33.861269 4cf0             Options.manual_wal_flush: 0
2023/08/28-15:16:33.861274 4cf0             Options.max_background_jobs: 2
2023/08/28-15:16:33.861278 4cf0             Options.max_background_compactions: 4
2023/08/28-15:16:33.861282 4cf0             Options.avoid_flush_during_shutdown: 0
2023/08/28-15:16:33.861286 4cf0           Options.writable_file_max_buffer_size: 1048576
2023/08/28-15:16:33.861290 4cf0             Options.delayed_write_rate : 16777216
2023/08/28-15:16:33.861294 4cf0             Options.max_total_wal_size: 0
2023/08/28-15:16:33.861298 4cf0             Options.delete_obsolete_files_period_micros: 21600000000
2023/08/28-15:16:33.861302 4cf0                   Options.stats_dump_period_sec: 600
2023/08/28-15:16:33.861306 4cf0                          Options.max_open_files: -1
2023/08/28-15:16:33.861310 4cf0                          Options.bytes_per_sync: 0
2023/08/28-15:16:33.861314 4cf0                      Options.wal_bytes_per_sync: 0
2023/08/28-15:16:33.861318 4cf0       Options.compaction_readahead_size: 0
2023/08/28-15:16:33.861323 4cf0 Compression algorithms supported:
2023/08/28-15:16:33.861328 4cf0 	kZSTD supported: 1
2023/08/28-15:16:33.861332 4cf0 	kSnappyCompression supported: 1
2023/08/28-15:16:33.861336 4cf0 	kBZip2Compression supported: 0
2023/08/28-15:16:33.861340 4cf0 	kZlibCompression supported: 1
2023/08/28-15:16:33.861344 4cf0 	kLZ4Compression supported: 1
2023/08/28-15:16:33.861348 4cf0 	kXpressCompression supported: 0
2023/08/28-15:16:33.861352 4cf0 	kLZ4HCCompression supported: 1
2023/08/28-15:16:33.861356 4cf0 	kZSTDNotFinalCompression supported: 1
2023/08/28-15:16:33.861364 4cf0 Fast CRC32 supported: Supported on x86
2023/08/28-15:16:33.873368 4cf0 [db\version_set.cc:3508] Recovering from manifest file: MANIFEST-000024
2023/08/28-15:16:33.874928 4cf0 [db\column_family.cc:474] --------------- Options for column family [default]:
2023/08/28-15:16:33.874955 4cf0               Options.comparator: leveldb.BytewiseComparator
2023/08/28-15:16:33.874962 4cf0           Options.merge_operator: StringAppendOperator
2023/08/28-15:16:33.874968 4cf0        Options.compaction_filter: None
2023/08/28-15:16:33.874974 4cf0        Options.compaction_filter_factory: None
2023/08/28-15:16:33.874981 4cf0         Options.memtable_factory: SkipListFactory
2023/08/28-15:16:33.874987 4cf0            Options.table_factory: BlockBasedTable
2023/08/28-15:16:33.875045 4cf0            table_factory options:   flush_block_policy_factory: FlushBlockBySizePolicyFactory (0000022BEE5B6ED0)
  cache_index_and_filter_blocks: 0
  cache_index_and_filter_blocks_with_high_priority: 1
  pin_l0_filter_and_index_blocks_in_cache: 1
  pin_top_level_index_and_filter: 1
  index_type: 2
  hash_index_allow_collision: 1
  checksum: 1
  no_block_cache: 0
  block_cache: 0000022BF04B3C50
  block_cache_name: LRUCache
  block_cache_options:
    capacity : 536870912
    num_shard_bits : 8
    strict_capacity_limit : 0
    memory_allocator : None
    high_pri_pool_ratio: 0.000
  block_cache_compressed: 0000000000000000
  persistent_cache: 0000000000000000
  block_size: 4096
  block_size_deviation: 10
  block_restart_interval: 16
  index_block_restart_interval: 1
  metadata_block_size: 8192
  partition_filters: 1
  use_delta_encoding: 1
  filter_policy: nullptr
  whole_key_filtering: 1
  verify_compression: 0
  read_amp_bytes_per_bit: 0
  format_version: 0
  enable_index_compression: 1
  block_align: 0
2023/08/28-15:16:33.875132 4cf0        Options.write_buffer_size: 67108864
2023/08/28-15:16:33.875142 4cf0  Options.max_write_buffer_number: 3
2023/08/28-15:16:33.875149 4cf0          Options.compression: Snappy
2023/08/28-15:16:33.875155 4cf0                  Options.bottommost_compression: Disabled
2023/08/28-15:16:33.875162 4cf0       Options.prefix_extractor: rocksdb.FixedPrefix.8
2023/08/28-15:16:33.875168 4cf0   Options.memtable_insert_with_hint_prefix_extractor: nullptr
2023/08/28-15:16:33.875173 4cf0             Options.num_levels: 7
2023/08/28-15:16:33.875179 4cf0        Options.min_write_buffer_number_to_merge: 1
2023/08/28-15:16:33.875185 4cf0     Options.max_write_buffer_number_to_maintain: 0
2023/08/28-15:16:33.875191 4cf0            Options.bottommost_compression_opts.window_bits: -14
2023/08/28-15:16:33.875196 4cf0                  Options.bottommost_compression_opts.level: 32767
2023/08/28-15:16:33.875203 4cf0               Options.bottommost_compression_opts.strategy: 0
2023/08/28-15:16:33.875209 4cf0         Options.bottommost_compression_opts.max_dict_bytes: 0
2023/08/28-15:16:33.875215 4cf0         Options.bottommost_compression_opts.zstd_max_train_bytes: 0
2023/08/28-15:16:33.875222 4cf0                  Options.bottommost_compression_opts.enabled: false
2023/08/28-15:16:33.875228 4cf0            Options.compression_opts.window_bits: -14
2023/08/28-15:16:33.875233 4cf0                  Options.compression_opts.level: 32767
2023/08/28-15:16:33.875239 4cf0               Options.compression_opts.strategy: 0
2023/08/28-15:16:33.875245 4cf0         Options.compression_opts.max_dict_bytes: 0
2023/08/28-15:16:33.875265 4cf0         Options.compression_opts.zstd_max_train_bytes: 0
2023/08/28-15:16:33.875271 4cf0                  Options.compression_opts.enabled: false
2023/08/28-15:16:33.875278 4cf0      Options.level0_file_num_compaction_trigger: 10
2023/08/28-15:16:33.875284 4cf0          Options.level0_slowdown_writes_trigger: 20
2023/08/28-15:16:33.875290 4cf0              Options.level0_stop_writes_trigger: 40
2023/08/28-15:16:33.875296 4cf0                   Options.target_file_size_base: 67108864
2023/08/28-15:16:33.875302 4cf0             Options.target_file_size_multiplier: 1
2023/08/28-15:16:33.875307 4cf0                Options.max_bytes_for_level_base: 536870912
2023/08/28-15:16:33.875314 4cf0 Options.level_compaction_dynamic_level_bytes: 0
2023/08/28-15:16:33.875320 4cf0          Options.max_bytes_for_level_multiplier: 10.000000
2023/08/28-15:16:33.875381 4cf0 Options.max_bytes_for_level_multiplier_addtl[0]: 1
2023/08/28-15:16:33.875391 4cf0 Options.max_bytes_for_level_multiplier_addtl[1]: 1
2023/08/28-15:16:33.875398 4cf0 Options.max_bytes_for_level_multiplier_addtl[2]: 1
2023/08/28-15:16:33.875404 4cf0 Options.max_bytes_for_level_multiplier_addtl[3]: 1
2023/08/28-15:16:33.875411 4cf0 Options.max_bytes_for_level_multiplier_addtl[4]: 1
2023/08/28-15:16:33.875417 4cf0 Options.max_bytes_for_level_multiplier_addtl[5]: 1
2023/08/28-15:16:33.875423 4cf0 Options.max_bytes_for_level_multiplier_addtl[6]: 1
2023/08/28-15:16:33.875430 4cf0       Options.max_sequential_skip_in_iterations: 8
2023/08/28-15:16:33.875437 4cf0                    Options.max_compaction_bytes: 1677721600
2023/08/28-15:16:33.875443 4cf0                        Options.arena_block_size: 8388608
2023/08/28-15:16:33.875450 4cf0   Options.soft_pending_compaction_bytes_limit: 68719476736
2023/08/28-15:16:33.875455 4cf0   Options.hard_pending_compaction_bytes_limit: 274877906944
2023/08/28-15:16:33.875461 4cf0       Options.rate_limit_delay_max_milliseconds: 100
2023/08/28-15:16:33.875473 4cf0                Options.disable_auto_compactions: 0
2023/08/28-15:16:33.875484 4cf0                        Options.compaction_style: kCompactionStyleLevel
2023/08/28-15:16:33.875492 4cf0                          Options.compaction_pri: kByCompensatedSize
2023/08/28-15:16:33.875498 4cf0 Options.compaction_options_universal.size_ratio: 1
2023/08/28-15:16:33.875504 4cf0 Options.compaction_options_universal.min_merge_width: 2
2023/08/28-15:16:33.875510 4cf0 Options.compaction_options_universal.max_merge_width: 4294967295
2023/08/28-15:16:33.875515 4cf0 Options.compaction_options_universal.max_size_amplification_percent: 200
2023/08/28-15:16:33.875520 4cf0 Options.compaction_options_universal.compression_size_percent: -1
2023/08/28-15:16:33.875525 4cf0 Options.compaction_options_universal.stop_style: kCompactionStopStyleTotalSize
2023/08/28-15:16:33.875530 4cf0 Options.compaction_options_fifo.max_table_files_size: 1073741824
2023/08/28-15:16:33.875534 4cf0 Options.compaction_options_fifo.allow_compaction: 0
2023/08/28-15:16:33.875539 4cf0 Options.compaction_options_fifo.ttl: 0
2023/08/28-15:16:33.875543 4cf0                   Options.table_properties_collectors: 
2023/08/28-15:16:33.875548 4cf0                   Options.inplace_update_support: 0
2023/08/28-15:16:33.875552 4cf0                 Options.inplace_update_num_locks: 10000
2023/08/28-15:16:33.875557 4cf0               Options.memtable_prefix_bloom_size_ratio: 0.125000
2023/08/28-15:16:33.875564 4cf0   Options.memtable_huge_page_size: 0
2023/08/28-15:16:33.875570 4cf0                           Options.bloom_locality: 0
2023/08/28-15:16:33.875576 4cf0                    Options.max_successive_merges: 0
2023/08/28-15:16:33.875582 4cf0                Options.optimize_filters_for_hits: 0
2023/08/28-15:16:33.875588 4cf0                Options.paranoid_file_checks: 0
2023/08/28-15:16:33.875593 4cf0                Options.force_consistency_checks: 1
2023/08/28-15:16:33.875599 4cf0                Options.report_bg_io_stats: 0
2023/08/28-15:16:33.875605 4cf0                               Options.ttl: 0
2023/08/28-15:16:33.879034 4cf0 [db\column_family.cc:474] --------------- Options for column family [Configuration]:
2023/08/28-15:16:33.879060 4cf0               Options.comparator: leveldb.BytewiseComparator
2023/08/28-15:16:33.879067 4cf0           Options.merge_operator: StringAppendOperator
2023/08/28-15:16:33.879074 4cf0        Options.compaction_filter: None
2023/08/28-15:16:33.879079 4cf0        Options.compaction_filter_factory: None
2023/08/28-15:16:33.879085 4cf0         Options.memtable_factory: SkipListFactory
2023/08/28-15:16:33.879091 4cf0            Options.table_factory: BlockBasedTable
2023/08/28-15:16:33.879141 4cf0            table_factory options:   flush_block_policy_factory: FlushBlockBySizePolicyFactory (0000022BEE5B6ED0)
  cache_index_and_filter_blocks: 0
  cache_index_and_filter_blocks_with_high_priority: 1
  pin_l0_filter_and_index_blocks_in_cache: 1
  pin_top_level_index_and_filter: 1
  index_type: 2
  hash_index_allow_collision: 1
  checksum: 1
  no_block_cache: 0
  block_cache: 0000022BF04B3C50
  block_cache_name: LRUCache
  block_cache_options:
    capacity : 536870912
    num_shard_bits : 8
    strict_capacity_limit : 0
    memory_allocator : None
    high_pri_pool_ratio: 0.000
  block_cache_compressed: 0000000000000000
  persistent_cache: 0000000000000000
  block_size: 4096
  block_size_deviation: 10
  block_restart_interval: 16
  index_block_restart_interval: 1
  metadata_block_size: 8192
  partition_filters: 1
  use_delta_encoding: 1
  filter_policy: nullptr
  whole_key_filtering: 1
  verify_compression: 0
  read_amp_bytes_per_bit: 0
  format_version: 0
  enable_index_compression: 1
  block_align: 0
2023/08/28-15:16:33.879148 4cf0        Options.write_buffer_size: 67108864
2023/08/28-15:16:33.879154 4cf0  Options.max_write_buffer_number: 3
2023/08/28-15:16:33.879160 4cf0          Options.compression: Snappy
2023/08/28-15:16:33.879166 4cf0                  Options.bottommost_compression: Disabled
2023/08/28-15:16:33.879270 4cf0       Options.prefix_extractor: rocksdb.FixedPrefix.8
2023/08/28-15:16:33.879279 4cf0   Options.memtable_insert_with_hint_prefix_extractor: nullptr
2023/08/28-15:16:33.879285 4cf0             Options.num_levels: 7
2023/08/28-15:16:33.879290 4cf0        Options.min_write_buffer_number_to_merge: 1
2023/08/28-15:16:33.879296 4cf0     Options.max_write_buffer_number_to_maintain: 0
2023/08/28-15:16:33.879302 4cf0            Options.bottommost_compression_opts.window_bits: -14
2023/08/28-15:16:33.879308 4cf0                  Options.bottommost_compression_opts.level: 32767
2023/08/28-15:16:33.879313 4cf0               Options.bottommost_compression_opts.strategy: 0
2023/08/28-15:16:33.879319 4cf0         Options.bottommost_compression_opts.max_dict_bytes: 0
2023/08/28-15:16:33.879325 4cf0         Options.bottommost_compression_opts.zstd_max_train_bytes: 0
2023/08/28-15:16:33.879330 4cf0                  Options.bottommost_compression_opts.enabled: false
2023/08/28-15:16:33.879336 4cf0            Options.compression_opts.window_bits: -14
2023/08/28-15:16:33.879342 4cf0                  Options.compression_opts.level: 32767
2023/08/28-15:16:33.879347 4cf0               Options.compression_opts.strategy: 0
2023/08/28-15:16:33.879353 4cf0         Options.compression_opts.max_dict_bytes: 0
2023/08/28-15:16:33.879359 4cf0         Options.compression_opts.zstd_max_train_bytes: 0
2023/08/28-15:16:33.879365 4cf0                  Options.compression_opts.enabled: false
2023/08/28-15:16:33.879371 4cf0      Options.level0_file_num_compaction_trigger: 10
2023/08/28-15:16:33.879377 4cf0          Options.level0_slowdown_writes_trigger: 20
2023/08/28-15:16:33.879383 4cf0              Options.level0_stop_writes_trigger: 40
2023/08/28-15:16:33.879389 4cf0                   Options.target_file_size_base: 67108864
2023/08/28-15:16:33.879395 4cf0             Options.target_file_size_multiplier: 1
2023/08/28-15:16:33.879401 4cf0                Options.max_bytes_for_level_base: 536870912
2023/08/28-15:16:33.879406 4cf0 Options.level_compaction_dynamic_level_bytes: 0
2023/08/28-15:16:33.879412 4cf0          Options.max_bytes_for_level_multiplier: 10.000000
2023/08/28-15:16:33.879421 4cf0 Options.max_bytes_for_level_multiplier_addtl[0]: 1
2023/08/28-15:16:33.879427 4cf0 Options.max_bytes_for_level_multiplier_addtl[1]: 1
2023/08/28-15:16:33.879432 4cf0 Options.max_bytes_for_level_multiplier_addtl[2]: 1
2023/08/28-15:16:33.879438 4cf0 Options.max_bytes_for_level_multiplier_addtl[3]: 1
2023/08/28-15:16:33.879443 4cf0 Options.max_bytes_for_level_multiplier_addtl[4]: 1
2023/08/28-15:16:33.879449 4cf0 Options.max_bytes_for_level_multiplier_addtl[5]: 1
2023/08/28-15:16:33.879455 4cf0 Options.max_bytes_for_level_multiplier_addtl[6]: 1
2023/08/28-15:16:33.879461 4cf0       Options.max_sequential_skip_in_iterations: 8
2023/08/28-15:16:33.879466 4cf0                    Options.max_compaction_bytes: 1677721600
2023/08/28-15:16:33.879472 4cf0                        Options.arena_block_size: 8388608
2023/08/28-15:16:33.879478 4cf0   Options.soft_pending_compaction_bytes_limit: 68719476736
2023/08/28-15:16:33.879483 4cf0   Options.hard_pending_compaction_bytes_limit: 274877906944
2023/08/28-15:16:33.879489 4cf0       Options.rate_limit_delay_max_milliseconds: 100
2023/08/28-15:16:33.879495 4cf0                Options.disable_auto_compactions: 0
2023/08/28-15:16:33.879502 4cf0                        Options.compaction_style: kCompactionStyleLevel
2023/08/28-15:16:33.879509 4cf0                          Options.compaction_pri: kByCompensatedSize
2023/08/28-15:16:33.879514 4cf0 Options.compaction_options_universal.size_ratio: 1
2023/08/28-15:16:33.879520 4cf0 Options.compaction_options_universal.min_merge_width: 2
2023/08/28-15:16:33.879526 4cf0 Options.compaction_options_universal.max_merge_width: 4294967295
2023/08/28-15:16:33.879532 4cf0 Options.compaction_options_universal.max_size_amplification_percent: 200
2023/08/28-15:16:33.879537 4cf0 Options.compaction_options_universal.compression_size_percent: -1
2023/08/28-15:16:33.879546 4cf0 Options.compaction_options_universal.stop_style: kCompactionStopStyleTotalSize
2023/08/28-15:16:33.879552 4cf0 Options.compaction_options_fifo.max_table_files_size: 1073741824
2023/08/28-15:16:33.879558 4cf0 Options.compaction_options_fifo.allow_compaction: 0
2023/08/28-15:16:33.879564 4cf0 Options.compaction_options_fifo.ttl: 0
2023/08/28-15:16:33.879569 4cf0                   Options.table_properties_collectors: 
2023/08/28-15:16:33.879575 4cf0                   Options.inplace_update_support: 0
2023/08/28-15:16:33.879581 4cf0                 Options.inplace_update_num_locks: 10000
2023/08/28-15:16:33.879587 4cf0               Options.memtable_prefix_bloom_size_ratio: 0.125000
2023/08/28-15:16:33.879594 4cf0   Options.memtable_huge_page_size: 0
2023/08/28-15:16:33.879600 4cf0                           Options.bloom_locality: 0
2023/08/28-15:16:33.879605 4cf0                    Options.max_successive_merges: 0
2023/08/28-15:16:33.879611 4cf0                Options.optimize_filters_for_hits: 0
2023/08/28-15:16:33.879616 4cf0                Options.paranoid_file_checks: 0
2023/08/28-15:16:33.879622 4cf0                Options.force_consistency_checks: 1
2023/08/28-15:16:33.879627 4cf0                Options.report_bg_io_stats: 0
2023/08/28-15:16:33.879633 4cf0                               Options.ttl: 0
2023/08/28-15:16:33.921848 4cf0 [db\version_set.cc:3724] Recovered from manifest file:C:\ALL_Softwares\working_projects\platform-parent\nacos\data\protocol\raft\naming_instance_metadata\log/MANIFEST-000024 succeeded,manifest_file_number is 24, next_file_number is 27, last_sequence is 52, log_number is 0,prev_log_number is 0,max_column_family is 1,min_log_number_to_keep is 0
2023/08/28-15:16:33.921882 4cf0 [db\version_set.cc:3732] Column family [default] (ID 0), log number is 23
2023/08/28-15:16:33.921892 4cf0 [db\version_set.cc:3732] Column family [Configuration] (ID 1), log number is 23
2023/08/28-15:16:33.923614 4cf0 EVENT_LOG_v1 {"time_micros": 1693206993923595, "job": 1, "event": "recovery_started", "log_files": [26]}
2023/08/28-15:16:33.923676 4cf0 [db\db_impl_open.cc:578] Recovering log #26 mode 2
2023/08/28-15:16:33.932571 4cf0 EVENT_LOG_v1 {"time_micros": 1693206993932534, "cf_name": "default", "job": 1, "event": "table_file_creation", "file_number": 27, "file_size": 778, "table_properties": {"data_size": 0, "index_size": 13, "filter_size": 0, "raw_key_size": 48, "raw_average_key_size": 0, "raw_value_size": 24, "raw_average_value_size": 0, "num_data_blocks": 0, "num_entries": 0, "filter_policy_name": ""}}
2023/08/28-15:16:33.936715 4cf0 [db\version_set.cc:3037] Creating manifest 28
2023/08/28-15:16:33.954630 4cf0 EVENT_LOG_v1 {"time_micros": 1693206993954596, "cf_name": "Configuration", "job": 1, "event": "table_file_creation", "file_number": 29, "file_size": 908, "table_properties": {"data_size": 44, "index_size": 49, "filter_size": 0, "raw_key_size": 74, "raw_average_key_size": 74, "raw_value_size": 32, "raw_average_value_size": 32, "num_data_blocks": 1, "num_entries": 1, "filter_policy_name": ""}}
2023/08/28-15:16:33.961224 4cf0 EVENT_LOG_v1 {"time_micros": 1693206993961208, "job": 1, "event": "recovery_finished"}
2023/08/28-15:16:33.988332 4cf0 [db\db_impl_open.cc:1314] DB pointer 0000022BF19A3C20
2023/08/28-15:16:33.989116 6870 [WARN] [db\db_impl.cc:669] ------- DUMPING STATS -------
2023/08/28-15:16:33.989148 6870 [WARN] [db\db_impl.cc:670] 
** DB Stats **
Uptime(secs): 0.1 total, 0.1 interval
Cumulative writes: 0 writes, 0 keys, 0 commit groups, 0.0 writes per commit group, ingest: 0.00 GB, 0.00 MB/s
Cumulative WAL: 0 writes, 0 syncs, 0.00 writes per sync, written: 0.00 GB, 0.00 MB/s
Cumulative stall: 00:00:0.000 H:M:S, 0.0 percent
Interval writes: 0 writes, 0 keys, 0 commit groups, 0.0 writes per commit group, ingest: 0.00 MB, 0.00 MB/s
Interval WAL: 0 writes, 0 syncs, 0.00 writes per sync, written: 0.00 MB, 0.00 MB/s
Interval stall: 00:00:0.000 H:M:S, 0.0 percent

** Compaction Stats [default] **
Level    Files   Size     Score Read(GB)  Rn(GB) Rnp1(GB) Write(GB) Wnew(GB) Moved(GB) W-Amp Rd(MB/s) Wr(MB/s) Comp(sec) Comp(cnt) Avg(sec) KeyIn KeyDrop
----------------------------------------------------------------------------------------------------------------------------------------------------------
  L0      6/0    4.77 KB   0.6      0.0     0.0      0.0       0.0      0.0       0.0   1.0      0.0      0.1         0         1    0.007       0      0
 Sum      6/0    4.77 KB   0.0      0.0     0.0      0.0       0.0      0.0       0.0   1.0      0.0      0.1         0         1    0.007       0      0
 Int      0/0    0.00 KB   0.0      0.0     0.0      0.0       0.0      0.0       0.0   1.0      0.0      0.1         0         1    0.007       0      0
Uptime(secs): 0.1 total, 0.1 interval
Flush(GB): cumulative 0.000, interval 0.000
AddFile(GB): cumulative 0.000, interval 0.000
AddFile(Total Files): cumulative 0, interval 0
AddFile(L0 Files): cumulative 0, interval 0
AddFile(Keys): cumulative 0, interval 0
Cumulative compaction: 0.00 GB write, 0.01 MB/s write, 0.00 GB read, 0.00 MB/s read, 0.0 seconds
Interval compaction: 0.00 GB write, 0.01 MB/s write, 0.00 GB read, 0.00 MB/s read, 0.0 seconds
Stalls(count): 0 level0_slowdown, 0 level0_slowdown_with_compaction, 0 level0_numfiles, 0 level0_numfiles_with_compaction, 0 stop for pending_compaction_bytes, 0 slowdown for pending_compaction_bytes, 0 memtable_compaction, 0 memtable_slowdown, interval 0 total count

** File Read Latency Histogram By Level [default] **
** Level 0 read latency histogram (micros):
Count: 33 Average: 13.1515  StdDev: 17.77
Min: 3  Median: 4.4545  Max: 58
Percentiles: P50: 4.45 P75: 5.95 P99: 58.00 P99.9: 58.00 P99.99: 58.00
------------------------------------------------------
(       2,       3 ]        3   9.091%   9.091% ##
(       3,       4 ]       11  33.333%  42.424% #######
(       4,       6 ]       11  33.333%  75.758% #######
(       6,      10 ]        1   3.030%  78.788% #
(      10,      15 ]        1   3.030%  81.818% #
(      34,      51 ]        3   9.091%  90.909% ##
(      51,      76 ]        3   9.091% 100.000% ##


** Compaction Stats [Configuration] **
Level    Files   Size     Score Read(GB)  Rn(GB) Rnp1(GB) Write(GB) Wnew(GB) Moved(GB) W-Amp Rd(MB/s) Wr(MB/s) Comp(sec) Comp(cnt) Avg(sec) KeyIn KeyDrop
----------------------------------------------------------------------------------------------------------------------------------------------------------
  L0      6/0    5.25 KB   0.6      0.0     0.0      0.0       0.0      0.0       0.0   1.0      0.0      0.2         0         1    0.006       0      0
 Sum      6/0    5.25 KB   0.0      0.0     0.0      0.0       0.0      0.0       0.0   1.0      0.0      0.2         0         1    0.006       0      0
 Int      0/0    0.00 KB   0.0      0.0     0.0      0.0       0.0      0.0       0.0   1.0      0.0      0.2         0         1    0.006       0      0
Uptime(secs): 0.1 total, 0.1 interval
Flush(GB): cumulative 0.000, interval 0.000
AddFile(GB): cumulative 0.000, interval 0.000
AddFile(Total Files): cumulative 0, interval 0
AddFile(L0 Files): cumulative 0, interval 0
AddFile(Keys): cumulative 0, interval 0
Cumulative compaction: 0.00 GB write, 0.01 MB/s write, 0.00 GB read, 0.00 MB/s read, 0.0 seconds
Interval compaction: 0.00 GB write, 0.01 MB/s write, 0.00 GB read, 0.00 MB/s read, 0.0 seconds
Stalls(count): 0 level0_slowdown, 0 level0_slowdown_with_compaction, 0 level0_numfiles, 0 level0_numfiles_with_compaction, 0 stop for pending_compaction_bytes, 0 slowdown for pending_compaction_bytes, 0 memtable_compaction, 0 memtable_slowdown, interval 0 total count

** File Read Latency Histogram By Level [Configuration] **
** Level 0 read latency histogram (micros):
Count: 42 Average: 58.0714  StdDev: 254.22
Min: 4  Median: 5.7143  Max: 1661
Percentiles: P50: 5.71 P75: 13.75 P99: 1648.00 P99.9: 1661.00 P99.99: 1661.00
------------------------------------------------------
(       3,       4 ]        3   7.143%   7.143% #
(       4,       6 ]       21  50.000%  57.143% ##########
(       6,      10 ]        6  14.286%  71.429% ###
(      10,      15 ]        2   4.762%  76.190% #
(      15,      22 ]        3   7.143%  83.333% #
(      22,      34 ]        2   4.762%  88.095% #
(      51,      76 ]        3   7.143%  95.238% #
(     250,     380 ]        1   2.381%  97.619% 
(    1300,    1900 ]        1   2.381% 100.000% 


** Compaction Stats [default] **
Level    Files   Size     Score Read(GB)  Rn(GB) Rnp1(GB) Write(GB) Wnew(GB) Moved(GB) W-Amp Rd(MB/s) Wr(MB/s) Comp(sec) Comp(cnt) Avg(sec) KeyIn KeyDrop
----------------------------------------------------------------------------------------------------------------------------------------------------------
  L0      6/0    4.77 KB   0.6      0.0     0.0      0.0       0.0      0.0       0.0   1.0      0.0      0.1         0         1    0.007       0      0
 Sum      6/0    4.77 KB   0.0      0.0     0.0      0.0       0.0      0.0       0.0   1.0      0.0      0.1         0         1    0.007       0      0
 Int      0/0    0.00 KB   0.0      0.0     0.0      0.0       0.0      0.0       0.0   0.0      0.0      0.0         0         0    0.000       0      0
Uptime(secs): 0.1 total, 0.0 interval
Flush(GB): cumulative 0.000, interval 0.000
AddFile(GB): cumulative 0.000, interval 0.000
AddFile(Total Files): cumulative 0, interval 0
AddFile(L0 Files): cumulative 0, interval 0
AddFile(Keys): cumulative 0, interval 0
Cumulative compaction: 0.00 GB write, 0.01 MB/s write, 0.00 GB read, 0.00 MB/s read, 0.0 seconds
Interval compaction: 0.00 GB write, 0.00 MB/s write, 0.00 GB read, 0.00 MB/s read, 0.0 seconds
Stalls(count): 0 level0_slowdown, 0 level0_slowdown_with_compaction, 0 level0_numfiles, 0 level0_numfiles_with_compaction, 0 stop for pending_compaction_bytes, 0 slowdown for pending_compaction_bytes, 0 memtable_compaction, 0 memtable_slowdown, interval 0 total count

** File Read Latency Histogram By Level [default] **
** Level 0 read latency histogram (micros):
Count: 33 Average: 13.1515  StdDev: 17.77
Min: 3  Median: 4.4545  Max: 58
Percentiles: P50: 4.45 P75: 5.95 P99: 58.00 P99.9: 58.00 P99.99: 58.00
------------------------------------------------------
(       2,       3 ]        3   9.091%   9.091% ##
(       3,       4 ]       11  33.333%  42.424% #######
(       4,       6 ]       11  33.333%  75.758% #######
(       6,      10 ]        1   3.030%  78.788% #
(      10,      15 ]        1   3.030%  81.818% #
(      34,      51 ]        3   9.091%  90.909% ##
(      51,      76 ]        3   9.091% 100.000% ##


** Compaction Stats [Configuration] **
Level    Files   Size     Score Read(GB)  Rn(GB) Rnp1(GB) Write(GB) Wnew(GB) Moved(GB) W-Amp Rd(MB/s) Wr(MB/s) Comp(sec) Comp(cnt) Avg(sec) KeyIn KeyDrop
----------------------------------------------------------------------------------------------------------------------------------------------------------
  L0      6/0    5.25 KB   0.6      0.0     0.0      0.0       0.0      0.0       0.0   1.0      0.0      0.2         0         1    0.006       0      0
 Sum      6/0    5.25 KB   0.0      0.0     0.0      0.0       0.0      0.0       0.0   1.0      0.0      0.2         0         1    0.006       0      0
 Int      0/0    0.00 KB   0.0      0.0     0.0      0.0       0.0      0.0       0.0   0.0      0.0      0.0         0         0    0.000       0      0
Uptime(secs): 0.1 total, 0.0 interval
Flush(GB): cumulative 0.000, interval 0.000
AddFile(GB): cumulative 0.000, interval 0.000
AddFile(Total Files): cumulative 0, interval 0
AddFile(L0 Files): cumulative 0, interval 0
AddFile(Keys): cumulative 0, interval 0
Cumulative compaction: 0.00 GB write, 0.01 MB/s write, 0.00 GB read, 0.00 MB/s read, 0.0 seconds
Interval compaction: 0.00 GB write, 0.00 MB/s write, 0.00 GB read, 0.00 MB/s read, 0.0 seconds
Stalls(count): 0 level0_slowdown, 0 level0_slowdown_with_compaction, 0 level0_numfiles, 0 level0_numfiles_with_compaction, 0 stop for pending_compaction_bytes, 0 slowdown for pending_compaction_bytes, 0 memtable_compaction, 0 memtable_slowdown, interval 0 total count

** File Read Latency Histogram By Level [Configuration] **
** Level 0 read latency histogram (micros):
Count: 42 Average: 58.0714  StdDev: 254.22
Min: 4  Median: 5.7143  Max: 1661
Percentiles: P50: 5.71 P75: 13.75 P99: 1648.00 P99.9: 1661.00 P99.99: 1661.00
------------------------------------------------------
(       3,       4 ]        3   7.143%   7.143% #
(       4,       6 ]       21  50.000%  57.143% ##########
(       6,      10 ]        6  14.286%  71.429% ###
(      10,      15 ]        2   4.762%  76.190% #
(      15,      22 ]        3   7.143%  83.333% #
(      22,      34 ]        2   4.762%  88.095% #
(      51,      76 ]        3   7.143%  95.238% #
(     250,     380 ]        1   2.381%  97.619% 
(    1300,    1900 ]        1   2.381% 100.000% 

2023/08/28-15:16:33.989912 6870 [WARN] [db\db_impl.cc:617] STATISTICS:
 rocksdb.block.cache.miss COUNT : 30
rocksdb.block.cache.hit COUNT : 9
rocksdb.block.cache.add COUNT : 30
rocksdb.block.cache.add.failures COUNT : 0
rocksdb.block.cache.index.miss COUNT : 9
rocksdb.block.cache.index.hit COUNT : 9
rocksdb.block.cache.index.add COUNT : 9
rocksdb.block.cache.index.bytes.insert COUNT : 918
rocksdb.block.cache.index.bytes.evict COUNT : 0
rocksdb.block.cache.filter.miss COUNT : 0
rocksdb.block.cache.filter.hit COUNT : 0
rocksdb.block.cache.filter.add COUNT : 0
rocksdb.block.cache.filter.bytes.insert COUNT : 0
rocksdb.block.cache.filter.bytes.evict COUNT : 0
rocksdb.block.cache.data.miss COUNT : 21
rocksdb.block.cache.data.hit COUNT : 0
rocksdb.block.cache.data.add COUNT : 21
rocksdb.block.cache.data.bytes.insert COUNT : 2985
rocksdb.block.cache.bytes.read COUNT : 918
rocksdb.block.cache.bytes.write COUNT : 3903
rocksdb.bloom.filter.useful COUNT : 0
rocksdb.bloom.filter.full.positive COUNT : 0
rocksdb.bloom.filter.full.true.positive COUNT : 0
rocksdb.persistent.cache.hit COUNT : 0
rocksdb.persistent.cache.miss COUNT : 0
rocksdb.sim.block.cache.hit COUNT : 0
rocksdb.sim.block.cache.miss COUNT : 0
rocksdb.memtable.hit COUNT : 0
rocksdb.memtable.miss COUNT : 0
rocksdb.l0.hit COUNT : 0
rocksdb.l1.hit COUNT : 0
rocksdb.l2andup.hit COUNT : 0
rocksdb.compaction.key.drop.new COUNT : 0
rocksdb.compaction.key.drop.obsolete COUNT : 0
rocksdb.compaction.key.drop.range_del COUNT : 0
rocksdb.compaction.key.drop.user COUNT : 0
rocksdb.compaction.range_del.drop.obsolete COUNT : 0
rocksdb.compaction.optimized.del.drop.obsolete COUNT : 0
rocksdb.compaction.cancelled COUNT : 0
rocksdb.number.keys.written COUNT : 0
rocksdb.number.keys.read COUNT : 0
rocksdb.number.keys.updated COUNT : 0
rocksdb.bytes.written COUNT : 0
rocksdb.bytes.read COUNT : 0
rocksdb.number.db.seek COUNT : 2
rocksdb.number.db.next COUNT : 1
rocksdb.number.db.prev COUNT : 0
rocksdb.number.db.seek.found COUNT : 1
rocksdb.number.db.next.found COUNT : 0
rocksdb.number.db.prev.found COUNT : 0
rocksdb.db.iter.bytes.read COUNT : 26
rocksdb.no.file.closes COUNT : 0
rocksdb.no.file.opens COUNT : 12
rocksdb.no.file.errors COUNT : 0
rocksdb.l0.slowdown.micros COUNT : 0
rocksdb.memtable.compaction.micros COUNT : 0
rocksdb.l0.num.files.stall.micros COUNT : 0
rocksdb.stall.micros COUNT : 0
rocksdb.db.mutex.wait.micros COUNT : 0
rocksdb.rate.limit.delay.millis COUNT : 0
rocksdb.num.iterators COUNT : 0
rocksdb.number.multiget.get COUNT : 0
rocksdb.number.multiget.keys.read COUNT : 0
rocksdb.number.multiget.bytes.read COUNT : 0
rocksdb.number.deletes.filtered COUNT : 0
rocksdb.number.merge.failures COUNT : 0
rocksdb.bloom.filter.prefix.checked COUNT : 0
rocksdb.bloom.filter.prefix.useful COUNT : 0
rocksdb.number.reseeks.iteration COUNT : 0
rocksdb.getupdatessince.calls COUNT : 0
rocksdb.block.cachecompressed.miss COUNT : 0
rocksdb.block.cachecompressed.hit COUNT : 0
rocksdb.block.cachecompressed.add COUNT : 0
rocksdb.block.cachecompressed.add.failures COUNT : 0
rocksdb.wal.synced COUNT : 0
rocksdb.wal.bytes COUNT : 0
rocksdb.write.self COUNT : 0
rocksdb.write.other COUNT : 0
rocksdb.write.timeout COUNT : 0
rocksdb.write.wal COUNT : 0
rocksdb.compact.read.bytes COUNT : 0
rocksdb.compact.write.bytes COUNT : 1686
rocksdb.flush.write.bytes COUNT : 0
rocksdb.number.direct.load.table.properties COUNT : 0
rocksdb.number.superversion_acquires COUNT : 2
rocksdb.number.superversion_releases COUNT : 0
rocksdb.number.superversion_cleanups COUNT : 0
rocksdb.number.block.compressed COUNT : 1
rocksdb.number.block.decompressed COUNT : 3
rocksdb.number.block.not_compressed COUNT : 0
rocksdb.merge.operation.time.nanos COUNT : 0
rocksdb.filter.operation.time.nanos COUNT : 0
rocksdb.row.cache.hit COUNT : 0
rocksdb.row.cache.miss COUNT : 0
rocksdb.read.amp.estimate.useful.bytes COUNT : 0
rocksdb.read.amp.total.read.bytes COUNT : 0
rocksdb.number.rate_limiter.drains COUNT : 0
rocksdb.number.iter.skip COUNT : 10
rocksdb.blobdb.num.put COUNT : 0
rocksdb.blobdb.num.write COUNT : 0
rocksdb.blobdb.num.get COUNT : 0
rocksdb.blobdb.num.multiget COUNT : 0
rocksdb.blobdb.num.seek COUNT : 0
rocksdb.blobdb.num.next COUNT : 0
rocksdb.blobdb.num.prev COUNT : 0
rocksdb.blobdb.num.keys.written COUNT : 0
rocksdb.blobdb.num.keys.read COUNT : 0
rocksdb.blobdb.bytes.written COUNT : 0
rocksdb.blobdb.bytes.read COUNT : 0
rocksdb.blobdb.write.inlined COUNT : 0
rocksdb.blobdb.write.inlined.ttl COUNT : 0
rocksdb.blobdb.write.blob COUNT : 0
rocksdb.blobdb.write.blob.ttl COUNT : 0
rocksdb.blobdb.blob.file.bytes.written COUNT : 0
rocksdb.blobdb.blob.file.bytes.read COUNT : 0
rocksdb.blobdb.blob.file.synced COUNT : 0
rocksdb.blobdb.blob.index.expired.count COUNT : 0
rocksdb.blobdb.blob.index.expired.size COUNT : 0
rocksdb.blobdb.blob.index.evicted.count COUNT : 0
rocksdb.blobdb.blob.index.evicted.size COUNT : 0
rocksdb.blobdb.gc.num.files COUNT : 0
rocksdb.blobdb.gc.num.new.files COUNT : 0
rocksdb.blobdb.gc.failures COUNT : 0
rocksdb.blobdb.gc.num.keys.overwritten COUNT : 0
rocksdb.blobdb.gc.num.keys.expired COUNT : 0
rocksdb.blobdb.gc.num.keys.relocated COUNT : 0
rocksdb.blobdb.gc.bytes.overwritten COUNT : 0
rocksdb.blobdb.gc.bytes.expired COUNT : 0
rocksdb.blobdb.gc.bytes.relocated COUNT : 0
rocksdb.blobdb.fifo.num.files.evicted COUNT : 0
rocksdb.blobdb.fifo.num.keys.evicted COUNT : 0
rocksdb.blobdb.fifo.bytes.evicted COUNT : 0
rocksdb.txn.overhead.mutex.prepare COUNT : 0
rocksdb.txn.overhead.mutex.old.commit.map COUNT : 0
rocksdb.txn.overhead.duplicate.key COUNT : 0
rocksdb.txn.overhead.mutex.snapshot COUNT : 0
rocksdb.number.multiget.keys.found COUNT : 0
rocksdb.num.iterator.created COUNT : 2
rocksdb.num.iterator.deleted COUNT : 2
rocksdb.db.get.micros P50 : 0.000000 P95 : 0.000000 P99 : 0.000000 P100 : 0.000000 COUNT : 0 SUM : 0
rocksdb.db.write.micros P50 : 0.000000 P95 : 0.000000 P99 : 0.000000 P100 : 0.000000 COUNT : 0 SUM : 0
rocksdb.compaction.times.micros P50 : 0.000000 P95 : 0.000000 P99 : 0.000000 P100 : 0.000000 COUNT : 0 SUM : 0
rocksdb.subcompaction.setup.times.micros P50 : 0.000000 P95 : 0.000000 P99 : 0.000000 P100 : 0.000000 COUNT : 0 SUM : 0
rocksdb.table.sync.micros P50 : 2900.000000 P95 : 3059.000000 P99 : 3059.000000 P100 : 3059.000000 COUNT : 2 SUM : 5756
rocksdb.compaction.outfile.sync.micros P50 : 0.000000 P95 : 0.000000 P99 : 0.000000 P100 : 0.000000 COUNT : 0 SUM : 0
rocksdb.wal.file.sync.micros P50 : 0.000000 P95 : 0.000000 P99 : 0.000000 P100 : 0.000000 COUNT : 0 SUM : 0
